NCB,ISIN,ISSUER,MATURITY DATE,COUPON RATE
BE,BE0002239086,Elia System Operator S.A./N.V.,27/05/2024,1.375
BE,BE0002256254,RESA SA,22/07/2026,1
BE,BE0002269380,Cofinimmo S.A./N.V.,09/12/2024,2
BE,BE0002276450,Elia System Operator S.A./N.V.,07/04/2027,1.375
BE,BE0002285543,Fluvius System Operator CVBA,23/06/2025,2
BE,BE0002420926,Fluvius System Operator CVBA,30/11/2022,2.75
BE,BE0002432079,Elia System Operator S.A./N.V.,04/04/2028,3.25
BE,BE0002433085,Elia System Operator S.A./N.V.,04/04/2033,3.5
BE,BE0002443183,Fluvius System Operator CVBA,09/10/2023,2.875
BE,BE0002448232,Fluvius System Operator CVBA,30/10/2023,3.75
BE,BE0002466416,Elia System Operator S.A./N.V.,07/04/2029,3
BE,BE0002470459,Fluvius System Operator CVBA,07/05/2029,2.875
BE,BE0002478536,Fluvius System Operator CVBA,29/10/2029,2.625
BE,BE0002481563,Fluvius System Operator CVBA,04/12/2026,1.75
BE,BE0002584622,BEFIMMO SA,12/03/2026,2.098
BE,BE0002596741,Elia System Operator S.A./N.V.,05/09/2028,1.5
BE,BE0002629104,Elia System Operator S.A./N.V.,14/01/2026,1.375
BE,BE6212766131,Fluvius System Operator CVBA,30/12/2020,4.25
BE,BE6221503202,Anheuser-Busch InBev N.V./S.A.,02/06/2021,4
BE,BE6228266902,Fluvius System Operator CVBA,08/11/2021,4.5
BE,BE6242927075,Apetra N.V.,17/12/2020,2.125
BE,BE6243179650,Anheuser-Busch InBev N.V./S.A.,25/09/2024,2.875
BE,BE6248644013,Anheuser-Busch InBev N.V./S.A.,24/01/2033,3.25
BE,BE6254681248,Brussels Airport Company SA/NV,01/07/2020,3.25
BE,BE6256887967,Brussels Airport Company SA/NV,09/09/2025,3.3
BE,BE6257983286,Apetra N.V.,25/09/2023,3.125
BE,BE6265141083,Anheuser-Busch InBev N.V./S.A.,30/09/2021,1.95
BE,BE6265142099,Anheuser-Busch InBev N.V./S.A.,31/03/2026,2.7
BE,BE6276039425,Anheuser-Busch InBev N.V./S.A.,20/04/2023,0.8
BE,BE6276040431,Anheuser-Busch InBev N.V./S.A.,18/04/2030,1.5
BE,BE6285452460,Anheuser-Busch InBev N.V./S.A.,17/03/2022,0.875
BE,BE6285454482,Anheuser-Busch InBev N.V./S.A.,17/03/2025,1.5
BE,BE6285455497,Anheuser-Busch InBev N.V./S.A.,17/03/2028,2
BE,BE6285457519,Anheuser-Busch InBev N.V./S.A.,17/03/2036,2.75
BE,BE6295011025,Brussels Airport Company SA/NV,03/05/2024,1
BE,BE6301509012,Anheuser-Busch InBev N.V./S.A.,15/04/2024,FLOATING
BE,BE6301510028,Anheuser-Busch InBev N.V./S.A.,22/01/2027,1.15
BE,BE6301511034,Anheuser-Busch InBev N.V./S.A.,23/01/2035,2
BE,BE6312821612,Anheuser-Busch InBev N.V./S.A.,01/07/2027,1.125
BE,BE6312822628,Anheuser-Busch InBev N.V./S.A.,28/03/2031,1.65
BE,BE6315847804,Solvay S.A.,06/09/2029,0.5
BE,BE6320934266,Anheuser-Busch InBev N.V./S.A.,02/12/2027,2.125
BE,BE6320935271,Anheuser-Busch InBev N.V./S.A.,02/04/2032,2.875
BE,BE6320936287,Anheuser-Busch InBev N.V./S.A.,02/04/2040,3.7
BE,DE000A181034,JAB Holdings B.V.,25/05/2023,1.75
BE,DE000A1919G4,JAB Holdings B.V.,25/06/2026,1.75
BE,DE000A1919H2,JAB Holdings B.V.,25/06/2029,2.5
BE,DE000A19HCW0,JAB Holdings B.V.,22/05/2024,1.25
BE,DE000A19HCX8,JAB Holdings B.V.,18/05/2028,2
BE,DE000A1Z0TA4,JAB Holdings B.V.,30/04/2025,1.625
BE,DE000A1Z6C06,JAB Holdings B.V.,16/09/2022,2.125
BE,DE000A1ZSAF4,JAB Holdings B.V.,24/11/2021,1.5
BE,DE000A28V301,Henkel AG  KGaA,17/04/2027,2.5
BE,DE000A28V319,JAB Holdings B.V.,17/04/2035,3.375
BE,DE000A2SBDE0,JAB Holdings B.V.,20/12/2027,1
BE,DE000A2SBDF7,JAB Holdings B.V.,19/12/2039,2.25
BE,PTBSSBOE0012,"Brisa - Concessão Rodoviária, SA",01/04/2021,3.875
BE,PTBSSIOM0015,"Brisa - Concessão Rodoviária, SA",30/04/2025,1.875
BE,PTBSSJOM0014,"Brisa - Concessão Rodoviária, SA",22/03/2023,2
BE,PTBSSLOM0002,"Brisa - Concessão Rodoviária, SA",10/05/2027,2.375
BE,PTEDPNOM0015,EDP - Energias de Portugal SA,15/04/2027,1.625
BE,PTMTLBOM0007,Metropolitano de Lisboa,04/12/2026,4.061
BE,PTMTLCOM0006,Metropolitano de Lisboa,07/12/2027,4.799
BE,PTNOSFOM0000,"NOS SGPS, Lisbon",02/05/2023,1.125
BE,XS0161100515,Telecom Italia Finance S.A.,24/01/2033,7.75
BE,XS0223447227,EDP Finance B.V.,29/06/2020,4.125
BE,XS0257884436,"Nederlandse Gasunie, N.V.",20/06/2021,4.5
BE,XS0399353506,EDP Finance B.V.,12/11/2023,0
BE,XS0485616758,TenneT Holding BV,09/02/2022,4.5
BE,XS0593606121,TenneT Holding BV,21/02/2023,4.625
BE,XS0600056641,SES S.A.,11/03/2021,4.75
BE,XS0690606172,"Nederlandse Gasunie, N.V.",13/10/2021,3.625
BE,XS0737138460,ENEXIS Holding NV,26/01/2022,3.375
BE,XS0792977984,Alliander N.V.,14/06/2024,2.875
BE,XS0804217536,"Nederlandse Gasunie, N.V.",13/07/2022,2.625
BE,XS0809847667,Akzo Nobel N.V.,27/07/2022,2.625
BE,XS0811124790,Koninklijke KPN NV,01/02/2021,3.25
BE,XS0825829590,Holcim U.S.Fin.SARL  SCS,07/09/2020,2.625
BE,XS0826531120,Nestlé Finance Intl Ltd.,12/09/2022,1.75
BE,XS0854400800,ENEXIS Holding NV,13/11/2020,1.875
BE,XS0854759080,Alliander N.V.,14/11/2022,2.25
BE,XS0907301260,Wolters Kluwer N.V.,21/03/2023,2.875
BE,XS0911691003,Heineken N.V.,06/04/2021,2
BE,XS0925668625,Nestlé Finance Intl Ltd.,04/05/2020,1.25
BE,XS0944362812,Coca Cola HBC Finance B.V.,18/06/2020,2.375
BE,XS0953958641,SPP Infrastructure Fing B.V.,18/07/2020,3.75
BE,XS0957258212,Unilever NV,05/08/2020,1.75
BE,XS0969795680,Nestlé Finance Intl Ltd.,10/09/2021,2.125
BE,XS0970695572,EDP Finance B.V.,14/09/2020,4.875
BE,XS0972530561,ASML Holding N.V.,19/09/2023,3.375
BE,XS0979598462,Západoslovenská energetika AS,14/10/2023,4
BE,XS0982774399,REN Finance B.V.,16/10/2020,4.75
BE,XS0985874543,HeidelbergCement Fin.Lux. S.A.,21/10/2020,3.25
BE,XS0988014212,TenneT Holding BV,01/11/2020,2.125
BE,XS0993438000,EXOR N.V.,12/11/2020,3.375
BE,XS0995111761,Achmea B.V.,19/11/2020,2.5
BE,XS0995380580,EDP Finance B.V.,20/01/2021,4.125
BE,XS1002933072,HeidelbergCement Fin.Lux. S.A.,21/10/2021,3.25
BE,XS1019821732,Holcim Finance (Luxembg) S.A.,22/01/2024,3
BE,XS1024136282,Heineken N.V.,30/07/2029,3.5
BE,XS1032164607,Urenco Finance N.V.,15/02/2021,2.5
BE,XS1041772986,Koninklijke DSM NV,03/04/2024,2.375
BE,XS1048521733,Shell International Finance BV,24/03/2021,1.625
BE,XS1048529041,Shell International Finance BV,24/03/2026,2.5
BE,XS1050846507,Airbus Group Finance B.V.,02/04/2024,2.375
BE,XS1067329570,Wolters Kluwer N.V.,13/05/2024,2.5
BE,XS1077088984,"SPP-Distribucia, A.S.",23/06/2021,2.625
BE,XS1111324700,EDP Finance B.V.,18/01/2022,2.625
BE,XS1114434167,Citycon Treasury B.V.,01/10/2024,2.5
BE,XS1114452060,CNH Industrial Finance Euro.SA,27/09/2021,2.875
BE,XS1117297942,Geberit International B.V.,30/03/2021,0.688
BE,XS1119021357,EXOR N.V.,08/10/2024,2.5
BE,XS1128224703,Airbus Group Finance B.V.,29/10/2029,2.125
BE,XS1132789949,Nestlé Finance Intl Ltd.,08/11/2021,0.75
BE,XS1134519120,Akzo Nobel N.V.,07/11/2024,1.75
BE,XS1134729794,Novartis Finance S.A.,09/11/2026,1.625
BE,XS1134758116,Novartis Finance S.A.,09/11/2021,0.75
BE,XS1135276332,Shell International Finance BV,06/04/2022,1
BE,XS1135277140,Shell International Finance BV,20/01/2027,1.625
BE,XS1145750037,Urenco Finance N.V.,02/12/2024,2.375
BE,XS1178970106,Unilever NV,03/02/2022,0.5
BE,XS1185941850,SPP Infrastructure Fing B.V.,12/02/2025,2.625
BE,XS1189286286,REN Finance B.V.,12/02/2025,2.5
BE,XS1195056079,Roche Finance Europe B.V.,25/02/2025,0.875
BE,XS1204254715,NN Group NV,18/03/2022,1
BE,XS1215181980,Koninklijke DSM NV,09/04/2025,1
BE,XS1222590488,EDP Finance B.V.,22/04/2025,2
BE,XS1233732194,Michelin Luxembourg SCS,28/05/2022,1.125
BE,XS1233734562,Michelin Luxembourg SCS,28/05/2027,1.75
BE,XS1237184533,Adecco Intl Fin. Serv. B.V.,22/11/2022,1.5
BE,XS1241577490,Unilever NV,03/06/2023,1
BE,XS1241581096,TenneT Holding BV,04/06/2027,1.75
BE,XS1241581179,TenneT Holding BV,04/06/2021,0.875
BE,XS1269854870,Urenco Finance N.V.,05/08/2022,2.25
BE,XS1288852939,Heineken N.V.,10/09/2021,1.25
BE,XS1291367313,Citycon Treasury B.V.,16/09/2022,2.375
BE,XS1292468045,Shell International Finance BV,15/09/2025,1.875
BE,XS1292484323,Shell International Finance BV,15/03/2022,1.25
BE,XS1293087703,Koninklijke DSM NV,26/09/2022,1.375
BE,XS1301052202,Royal Schiphol Group N.V.,05/10/2026,2
BE,XS1307369717,ENEXIS Holding NV,20/10/2023,1.5
BE,XS1310154536,Heineken N.V.,23/10/2023,1.7
BE,XS1319652902,Nestlé Finance Intl Ltd.,16/05/2023,0.75
BE,XS1329671132,EXOR N.V.,02/12/2022,2.125
BE,XS1330434389,Heineken N.V.,07/12/2024,1.5
BE,XS1333667506,EXOR N.V.,22/12/2025,2.875
BE,XS1371715118,Roche Finance Europe B.V.,27/02/2023,0.5
BE,XS1377682676,Coca Cola HBC Finance B.V.,11/11/2024,1.875
BE,XS1384281090,RELX Finance B.V.,12/05/2026,1.375
BE,XS1385395121,EDP Finance B.V.,23/03/2023,2.375
BE,XS1391625289,Akzo Nobel N.V.,08/04/2026,1.125
BE,XS1396367911,ENEXIS Holding NV,28/04/2026,0.875
BE,XS1400167133,Alliander N.V.,22/04/2026,0.875
BE,XS1401174633,Heineken N.V.,04/05/2026,1
BE,XS1402941790,ABB Finance B.V.,03/05/2023,0.625
BE,XS1403010512,Unilever NV,29/04/2020,0
BE,XS1403014936,Unilever NV,29/04/2024,0.5
BE,XS1403015156,Unilever NV,29/04/2028,1.125
BE,XS1405774990,ASML Holding N.V.,07/07/2022,0.625
BE,XS1405777316,Bunge Finance Europe B.V.,16/06/2023,1.85
BE,XS1405780963,ASML Holding N.V.,07/07/2026,1.375
BE,XS1409382030,"Nederlandse Gasunie, N.V.",11/05/2026,1
BE,XS1410582313,Airbus Group Finance B.V.,13/05/2031,1.375
BE,XS1410582586,Airbus Group Finance B.V.,13/05/2026,0.875
BE,XS1411401083,Shell International Finance BV,12/05/2028,1.25
BE,XS1411405662,Shell International Finance BV,12/05/2024,0.75
BE,XS1412424662,CNH Industrial Finance Euro.SA,17/05/2023,2.875
BE,XS1420337633,Holcim Finance (Luxembg) S.A.,26/05/2023,1.375
BE,XS1420338102,Holcim Finance (Luxembg) S.A.,26/05/2028,2.25
BE,XS1423826798,REN Finance B.V.,01/06/2023,1.75
BE,XS1432384409,TenneT Holding BV,13/06/2036,1.875
BE,XS1432384664,TenneT Holding BV,13/06/2026,1
BE,XS1449707055,Aroundtown SA,15/07/2024,1.5
BE,XS1471646965,EDP Finance B.V.,12/02/2024,1.125
BE,XS1476654238,Shell International Finance BV,15/02/2025,0.375
BE,XS1476654584,Shell International Finance BV,15/08/2028,0.75
BE,XS1485532896,Koninklijke KPN NV,09/04/2025,0.625
BE,XS1485533431,Koninklijke KPN NV,11/09/2028,1.125
BE,XS1485608118,Citycon Treasury B.V.,08/09/2026,1.25
BE,XS1492825051,Novartis Finance S.A.,20/09/2023,0.125
BE,XS1492825481,Novartis Finance S.A.,20/09/2028,0.625
BE,XS1495373505,Koninklijke DSM NV,28/09/2026,0.75
BE,XS1505568136,TenneT Holding BV,24/10/2033,1.25
BE,XS1514149159,Whirlpool Finance Luxembourg S.a.r.l.,02/11/2026,1.25
BE,XS1527192485,Heineken N.V.,29/01/2027,1.375
BE,XS1527526799,Adecco Intl Fin. Serv. B.V.,02/12/2024,1
BE,XS1527556192,ASML Holding N.V.,28/05/2027,1.625
BE,XS1529854793,Aegon NV,08/12/2023,1
BE,XS1533928971,WPC Eurobond B.V.,19/07/2024,2.25
BE,XS1549372420,HeidelbergCement Fin.Lux. S.A.,18/01/2021,0.5
BE,XS1550988569,NN Group NV,13/01/2023,0.875
BE,XS1558083652,EDP Finance B.V.,29/09/2023,1.875
BE,XS1566100977,Unilever NV,14/02/2023,0.375
BE,XS1566101603,Unilever NV,14/02/2027,1
BE,XS1575992596,Wolters Kluwer N.V.,22/03/2027,1.5
BE,XS1576837725,RELX Finance B.V.,22/03/2021,0.375
BE,XS1576838376,RELX Finance B.V.,22/03/2024,1
BE,XS1584884347,Novartis Finance S.A.,31/03/2021,0
BE,XS1585010074,Novartis Finance S.A.,30/09/2027,1.125
BE,XS1589806907,HeidelbergCement Fin.Lux. S.A.,07/04/2026,1.625
BE,XS1611855237,Heineken N.V.,12/05/2032,2.02
BE,XS1613121422,ABB Finance B.V.,16/05/2024,0.75
BE,XS1615067615,Paccar Financial Europe B.V.,19/05/2020,0.125
BE,XS1616917800,CNH Industrial Finance Euro.SA,23/05/2022,1.375
BE,XS1623355374,NN Group NV,01/06/2020,0.25
BE,XS1623355457,NN Group NV,01/06/2027,1.625
BE,XS1629387462,HeidelbergCement Fin.Lux. S.A.,14/06/2027,1.5
BE,XS1632897762,TenneT Holding BV,26/06/2025,0.75
BE,XS1632897929,TenneT Holding BV,26/06/2029,1.375
BE,XS1637093508,Compass Group International BV,03/07/2024,0.625
BE,XS1652965085,ADO Properties S.A.,26/07/2024,1.5
BE,XS1654191623,Unilever NV,31/07/2021,0
BE,XS1654192191,Unilever NV,31/07/2025,0.875
BE,XS1654192274,Unilever NV,31/07/2029,1.375
BE,XS1654229373,Grand City Properties S.A.,03/08/2026,1.375
BE,XS1671760384,Koninklijke Philips N.V.,06/09/2023,0.5
BE,XS1672151492,Holcim Finance (Luxembg) S.A.,29/08/2029,1.75
BE,XS1678966935,CNH Industrial Finance Euro.SA,12/09/2025,1.75
BE,XS1683495052,John Deere Cash Management SA,15/09/2020,FLOATING
BE,XS1683495136,John Deere Cash Management SA,15/09/2023,0.5
BE,XS1685798370,Koninklijke Ahold Delhaize N.V.,19/09/2024,0.875
BE,XS1691781865,Heineken N.V.,03/10/2029,1.5
BE,XS1705553250,Stedin Holding N.V.,24/10/2025,0.875
BE,XS1705553417,Stedin Holding N.V.,24/10/2022,FLOATING
BE,XS1707074941,Nestlé Finance Intl Ltd.,18/01/2024,0.375
BE,XS1707075245,Nestlé Finance Intl Ltd.,02/11/2037,1.75
BE,XS1707075328,Nestlé Finance Intl Ltd.,02/11/2029,1.25
BE,XS1709433509,PostNL NV,21/11/2024,1
BE,XS1715306012,Aroundtown SA,07/01/2025,1
BE,XS1716616179,Whirlpool Finance Luxembourg S.a.r.l.,09/11/2027,1.1
BE,XS1721051495,EDP Finance B.V.,22/11/2027,1.5
BE,XS1730873731,ArcelorMittal  S.A,17/01/2023,0.95
BE,XS1753808929,EXOR N.V.,18/01/2028,1.75
BE,XS1753814737,REN Finance B.V.,18/01/2028,1.75
BE,XS1761721262,Aroundtown SA,31/01/2028,1.625
BE,XS1769040111,Novartis Finance S.A.,14/08/2023,0.5
BE,XS1769041192,Novartis Finance S.A.,14/08/2030,1.375
BE,XS1769041606,Novartis Finance S.A.,14/08/2038,1.7
BE,XS1769090728,Unilever NV,12/08/2023,0.5
BE,XS1769090991,Unilever NV,12/02/2027,1.125
BE,XS1769091296,Unilever NV,12/02/2033,1.625
BE,XS1781401085,Grand City Properties S.A.,22/02/2027,1.5
BE,XS1782806357,Západoslovenská energetika AS,02/03/2028,1.75
BE,XS1785458172,WPC Eurobond B.V.,15/04/2027,2.125
BE,XS1787477543,Koninklijke Ahold Delhaize N.V.,19/03/2026,1.125
BE,XS1787517199,Koninklijke Ahold Delhaize N.V.,19/03/2021,FLOATING
BE,XS1789623029,Euronext N.V.,18/04/2025,1
BE,XS1789751531,Richemont Intl Holding S.A.,26/03/2026,1
BE,XS1789752182,Richemont Intl Holding S.A.,26/03/2030,1.5
BE,XS1789759195,Richemont Intl Holding S.A.,26/03/2038,2
BE,XS1793224632,RELX Finance B.V.,13/05/2027,1.5
BE,XS1796208632,SES S.A.,22/03/2026,1.625
BE,XS1810653540,HeidelbergCement Fin.Lux. S.A.,24/04/2028,1.75
BE,XS1815116568,Koninklijke Philips N.V.,02/05/2024,0.75
BE,XS1815116998,Koninklijke Philips N.V.,02/05/2028,1.375
BE,XS1815135352,Aroundtown SA,02/11/2026,2
BE,XS1822791619,Citycon Treasury B.V.,15/01/2027,2.375
BE,XS1823165631,Paccar Financial Europe B.V.,18/05/2021,FLOATING
BE,XS1823623878,CNH Industrial Finance Euro.SA,19/01/2026,1.875
BE,XS1828037587,TenneT Holding BV,05/06/2028,1.375
BE,XS1828037827,TenneT Holding BV,05/06/2034,2
BE,XS1843459600,WPC Eurobond B.V.,09/04/2026,2.25
BE,XS1846632104,EDP Finance B.V.,26/01/2026,1.625
BE,XS1863994981,HeidelbergCement Fin.Lux. S.A.,09/08/2022,0.5
BE,XS1873208950,Unilever NV,06/01/2025,0.5
BE,XS1873209172,Unilever NV,04/09/2030,1.375
BE,XS1876069185,"Compass Group Finance Netherlands B.V., Amsterdam",05/09/2028,1.5
BE,XS1877595014,Heineken N.V.,17/03/2031,1.75
BE,XS1877595444,Heineken N.V.,17/03/2027,1.25
BE,XS1878266326,Stedin Holding N.V.,19/09/2028,1.375
BE,XS1892117919,"Nederlandse Gasunie, N.V.",16/10/2028,1.375
BE,XS1893621026,EDP Finance B.V.,13/10/2025,1.875
BE,XS1900101046,Royal Schiphol Group N.V.,05/11/2030,1.5
BE,XS1936308391,ArcelorMittal  S.A,17/01/2024,2.25
BE,XS1958214964,Paccar Financial Europe B.V.,07/03/2022,0.125
BE,XS1969600748,CNH Industrial Finance Euro.SA,25/03/2027,1.75
BE,XS1979288328,ABB Finance B.V.,12/10/2020,FLOATING
BE,XS1995662027,Adecco Intl Fin. Serv. B.V.,20/11/2029,1.25
BE,XS1995781546,Coca Cola HBC Finance B.V.,14/05/2027,1
BE,XS1995795504,Coca Cola HBC Finance B.V.,14/05/2031,1.625
BE,XS2001175657,Koninklijke Philips N.V.,22/05/2026,0.5
BE,XS2002491780,TenneT Holding BV,03/06/2030,0.875
BE,XS2002491863,TenneT Holding BV,03/06/2039,1.5
BE,XS2009943379,Euronext N.V.,12/06/2029,1.125
BE,XS2010032378,ASML Holding N.V.,25/02/2030,0.25
BE,XS2010044209,Schlumberger Finance B.V.,15/10/2031,0.5
BE,XS2010045198,Schlumberger Finance B.V.,15/10/2027,0.25
BE,XS2010045271,Schlumberger Finance B.V.,15/10/2024,0
BE,XS2010331101,John Deere Cash Management SA,13/06/2039,1.65
BE,XS2014382845,Alliander N.V.,24/06/2032,0.875
BE,XS2018636600,Koninklijke Ahold Delhaize N.V.,26/06/2025,0.25
BE,XS2019976070,ENEXIS Holding NV,02/07/2031,0.75
BE,XS2022084367,CNH Industrial Finance Euro.SA,03/07/2029,1.625
BE,XS2023872174,Aroundtown SA,09/07/2025,0.625
BE,XS2023873149,Aroundtown SA,09/07/2028,1.45
BE,XS2047619064,PostNL NV,23/09/2026,0.625
BE,XS2052310054,LYB International Finance II,17/09/2026,0.875
BE,XS2052313827,LYB International Finance II,17/09/2031,1.625
BE,XS2056374353,Mondelez Intl Hldgs Nether. BV,01/10/2031,0.875
BE,XS2056572154,CK Hutchison Grp Tele.Fin. SA,17/10/2023,0.375
BE,XS2057069093,CK Hutchison Grp Tele.Fin. SA,17/04/2026,0.75
BE,XS2057069762,CK Hutchison Grp Tele.Fin. SA,17/10/2028,1.125
BE,XS2057070182,CK Hutchison Grp Tele.Fin. SA,17/10/2031,1.5
BE,XS2058888616,EXOR N.V.,14/10/2034,1.75
BE,XS2060691040,"Nederlandse Gasunie, N.V.",03/10/2031,0.375
BE,XS2075811781,SES S.A.,04/11/2027,0.875
BE,XS2078734626,Shell International Finance BV,08/11/2027,0.125
BE,XS2078735276,Shell International Finance BV,08/11/2031,0.5
BE,XS2078735433,Shell International Finance BV,08/11/2039,0.875
BE,XS2079678400,Stedin Holding N.V.,14/11/2029,0.5
BE,XS2082323630,ArcelorMittal  S.A,19/05/2023,1
BE,XS2082324018,ArcelorMittal  S.A,19/11/2025,1.75
BE,XS2082345955,Coca Cola HBC Finance B.V.,21/11/2029,0.625
BE,XS2100663223,Digital Dutch Finco BV,15/10/2022,0.125
BE,XS2100663579,Digital Dutch Finco BV,15/07/2025,0.625
BE,XS2100664114,Digital Dutch Finco BV,15/03/2030,1.5
BE,XS2114807691,Tyco Electronics Group S.A.,14/02/2025,0
BE,XS2115092954,Whirlpool EMEA Finance SARL,20/02/2028,0.5
BE,XS2126056204,Paccar Financial Europe B.V.,03/03/2023,0
BE,XS2126161681,RELX Finance B.V.,18/03/2024,0
BE,XS2126161764,RELX Finance B.V.,10/03/2028,0.5
BE,XS2126162069,RELX Finance B.V.,10/03/2032,0.875
BE,XS2147133495,Unilever NV,25/03/2025,1.25
BE,XS2147133578,Unilever NV,25/03/2030,1.75
BE,XS2147977479,Heineken N.V.,30/03/2025,1.625
BE,XS2147977636,Heineken N.V.,30/03/2030,2.25
BE,XS2148372696,Nestlé Finance Intl Ltd.,01/04/2026,1.125
BE,XS2148390755,Nestlé Finance Intl Ltd.,01/04/2030,1.5
BE,XS2149368529,Koninklijke Philips N.V.,30/03/2025,1.375
BE,XS2149379211,Koninklijke Philips N.V.,30/03/2030,2
BE,XS2150006133,John Deere Cash Management SA,02/04/2024,1.375
BE,XS2150006307,John Deere Cash Management SA,02/04/2028,1.85
BE,XS2150006562,John Deere Cash Management SA,02/04/2032,2.2
BE,XS2150015555,Koninklijke Ahold Delhaize N.V.,02/04/2027,1.75
BE,XS2152795709,Airbus Group Finance B.V.,07/04/2025,1.625
BE,XS2152796426,Airbus Group Finance B.V.,07/04/2032,2.375
BE,XS2153459123,Royal Schiphol Group N.V.,06/04/2029,2
BE,XS2153593103,B.A.T Netherlands Finance BV,07/10/2024,2.375
BE,XS2153597518,B.A.T Netherlands Finance BV,07/04/2028,3.125
BE,XS2154325562,Grand City Properties S.A.,09/04/2024,1.7
BE,XS2154336338,HeidelbergCement Fin.Lux. S.A.,09/10/2024,2.5
BE,XS2154418144,Shell International Finance BV,07/04/2024,1.125
BE,XS2154418730,Shell International Finance BV,07/04/2028,1.5
BE,XS2154419118,Shell International Finance BV,07/04/2032,1.875
BE,XS2156244043,Holcim Finance (Luxembg) S.A.,09/04/2025,2.375
BE,XS2156598281,Akzo Nobel N.V.,14/04/2030,1.625
DE,DE000A0Z2A12,EWE AG,16/07/2021,5.25
DE,DE000A11QSB8,Daimler AG,08/07/2024,1.875
DE,DE000A13R8M3,METRO AG,28/10/2021,1.375
DE,DE000A13SL26,SAP SE,20/02/2023,1.125
DE,DE000A13SL34,SAP SE,22/02/2027,1.75
DE,DE000A14KJF5,SAP SE,01/04/2025,1
DE,DE000A1684V3,Deutsche Börse AG,08/10/2025,1.625
DE,DE000A169G07,Daimler AG,12/01/2021,0.875
DE,DE000A169G15,Daimler AG,12/01/2024,1.4
DE,DE000A169NA6,Daimler AG,11/05/2020,0.25
DE,DE000A169NB4,Daimler AG,11/05/2023,0.75
DE,DE000A169NC2,Daimler AG,11/05/2028,1.375
DE,DE000A182VS4,Vonovia Finance B.V.,10/06/2022,0.875
DE,DE000A182VT2,Vonovia Finance B.V.,10/06/2026,1.5
DE,DE000A185QA5,Evonik Finance B.V.,07/09/2024,0.375
DE,DE000A185QB3,Evonik Finance B.V.,07/09/2028,0.75
DE,DE000A185QC1,Evonik Finance B.V.,08/03/2021,0
DE,DE000A188WV3,BASF Finance Europe N.V.,10/11/2020,0
DE,DE000A188WW1,BASF Finance Europe N.V.,10/11/2026,0.75
DE,DE000A189ZX0,Vonovia Finance B.V.,06/12/2024,1.25
DE,DE000A18V138,Vonovia Finance B.V.,15/12/2020,1.625
DE,DE000A18V146,Vonovia Finance B.V.,15/12/2023,2.25
DE,DE000A190ND6,Daimler Intl Finance B.V.,11/05/2022,0.25
DE,DE000A190NE4,Daimler Intl Finance B.V.,11/11/2025,1
DE,DE000A192ZH7,Vonovia Finance B.V.,03/07/2023,0.875
DE,DE000A194DC1,Daimler Intl Finance B.V.,09/08/2021,0.25
DE,DE000A194DD9,Daimler Intl Finance B.V.,09/04/2024,0.875
DE,DE000A194DE7,Daimler Intl Finance B.V.,09/02/2027,1.5
DE,DE000A19B8D4,Vonovia Finance B.V.,25/01/2022,0.75
DE,DE000A19B8E2,Vonovia Finance B.V.,25/01/2027,1.75
DE,DE000A19HBM3,Daimler Intl Finance B.V.,11/05/2022,FLOATING
DE,DE000A19NS93,Vonovia Finance B.V.,08/09/2025,1.125
DE,DE000A19NY87,Daimler Intl Finance B.V.,13/09/2021,0.2
DE,DE000A19S4T0,Allianz Finance II B.V.,07/12/2020,FLOATING
DE,DE000A19S4U8,Allianz Finance II B.V.,06/06/2023,0.25
DE,DE000A19S4V6,Allianz Finance II B.V.,06/12/2027,0.875
DE,DE000A19UNN9,Daimler Intl Finance B.V.,11/01/2023,FLOATING
DE,DE000A19UR61,Vonovia Finance B.V.,15/01/2024,0.75
DE,DE000A19UR79,Vonovia Finance B.V.,14/01/2028,1.5
DE,DE000A19X793,Vonovia Finance B.V.,22/12/2022,FLOATING
DE,DE000A19X8A4,Vonovia Finance B.V.,22/03/2026,1.5
DE,DE000A19X8B2,Vonovia Finance B.V.,22/03/2030,2.125
DE,DE000A19X8C0,Vonovia Finance B.V.,22/03/2038,2.75
DE,DE000A1G0RU9,Allianz Finance II B.V.,14/02/2022,3.5
DE,DE000A1HG1K6,Allianz Finance II B.V.,13/03/2028,3
DE,DE000A1HJ483,Würth Finance International BV,21/05/2020,1.75
DE,DE000A1HRVD5,Vonovia Finance B.V.,08/10/2021,3.625
DE,DE000A1PGWA5,Daimler AG,12/09/2022,2.375
DE,DE000A1PGZ82,K+S Aktiengesellschaft,20/06/2022,3
DE,DE000A1R04X6,Daimler AG,24/01/2022,2.25
DE,DE000A1R0691,Daimler AG,08/03/2023,2.375
DE,DE000A1R07P5,Linde Finance B.V.,18/04/2023,2
DE,DE000A1R0XG3,BASF SE,05/12/2022,2
DE,DE000A1RE1W1,Deutsche Börse AG,05/10/2022,2.375
DE,DE000A1TNJ97,Daimler AG,25/06/2021,2
DE,DE000A1UDWM7,Siemens Financieringsmaatschappij N.V.,12/03/2021,1.75
DE,DE000A1UDWN5,Siemens Financieringsmaatschappij N.V.,10/03/2028,2.875
DE,DE000A1ZLUN1,Vonovia Finance B.V.,09/07/2022,2.125
DE,DE000A1ZY989,Vonovia Finance B.V.,31/03/2025,1.5
DE,DE000A254P51,LEG Immobilien AG,28/11/2027,0.875
DE,DE000A254P69,LEG Immobilien AG,28/11/2034,1.625
DE,DE000A289RN6,Daimler AG,07/04/2025,2.625
DE,DE000A28RSQ8,Allianz Finance II B.V.,14/01/2025,0
DE,DE000A28RSR6,Allianz Finance II B.V.,14/01/2031,0.5
DE,DE000A28VQC4,Vonovia Finance B.V.,07/04/2024,1.625
DE,DE000A28VQD2,Vonovia Finance B.V.,07/04/2030,2.25
DE,DE000A2AAL31,Daimler AG,09/03/2026,1.5
DE,DE000A2BPA51,BASF SE,06/10/2031,0.875
DE,DE000A2DADM7,Daimler AG,28/02/2025,0.85
DE,DE000A2G8VS7,SAP SE,13/03/2021,FLOATING
DE,DE000A2G8VT5,SAP SE,13/03/2026,1
DE,DE000A2G8VU3,SAP SE,13/03/2030,1.375
DE,DE000A2GSCW3,Daimler AG,03/07/2029,1.5
DE,DE000A2GSCX1,Daimler AG,03/07/2037,2.125
DE,DE000A2GSCY9,Daimler AG,03/07/2024,FLOATING
DE,DE000A2GSLY0,Daimler AG,15/11/2027,1
DE,DE000A2LQ5M4,HOCHTIEF AG,03/07/2025,1.75
DE,DE000A2LQJ75,Deutsche Börse AG,26/03/2028,1.125
DE,DE000A2R7JD3,Vonovia Finance B.V.,14/09/2029,0.5
DE,DE000A2R7JE1,Vonovia Finance B.V.,14/09/2034,1.125
DE,DE000A2R8NC5,Vonovia Finance B.V.,06/04/2023,0.125
DE,DE000A2R8ND3,Vonovia Finance B.V.,07/10/2027,0.625
DE,DE000A2R9ZT1,Daimler Intl Finance B.V.,06/11/2023,0.25
DE,DE000A2R9ZU9,Daimler Intl Finance B.V.,06/05/2027,0.625
DE,DE000A2RWAX4,Allianz Finance II B.V.,15/01/2026,0.875
DE,DE000A2RWAY2,Allianz Finance II B.V.,15/01/2030,1.5
DE,DE000A2RWZZ6,Vonovia Finance B.V.,29/06/2025,1.8
DE,DE000A2RYD83,Daimler Intl Finance B.V.,27/02/2023,0.625
DE,DE000A2RYD91,Daimler Intl Finance B.V.,26/06/2026,1.375
DE,DE000A2TR083,Daimler AG,27/02/2031,2
DE,DE000A2TSDD4,"Deutsche Telekom AG, Bonn",25/03/2026,0.875
DE,DE000A2TSTC2,SAP SE,10/12/2020,FLOATING
DE,DE000A2TSTD0,SAP SE,10/03/2022,0.25
DE,DE000A2TSTE8,SAP SE,10/12/2024,0.75
DE,DE000A2TSTF5,SAP SE,10/03/2028,1.25
DE,DE000A2TSTG3,SAP SE,10/03/2031,1.625
DE,DE000A2YB699,Schaeffler AG,26/03/2022,1.125
DE,DE000A2YB7A7,Schaeffler AG,26/03/2024,1.875
DE,DE000A2YB7B5,Schaeffler AG,26/03/2027,2.875
DE,DE000A2YN2U2,HOCHTIEF AG,03/09/2027,0.5
DE,DE000A2YN2V0,HOCHTIEF AG,03/09/2031,1.25
DE,DE000A2YNZV0,Daimler AG,08/02/2024,0
DE,DE000A2YNZW8,Daimler AG,08/11/2026,0.375
DE,DE000A2YNZX6,Daimler AG,08/02/2030,0.75
DE,DE000A2YPFU9,Daimler AG,06/11/2031,1.125
DE,DE000TLX2003,Talanx AG,13/02/2023,3.125
DE,DE000TLX2102,Talanx AG,23/07/2026,2.5
DE,XS0162513211,innogy Finance II B.V.,14/02/2033,5.75
DE,XS0207320242,EnBW International Finance BV,16/01/2025,4.875
DE,XS0347908096,E.ON Intl Finance B.V.,21/02/2023,5.528
DE,XS0361244667,E.ON Intl Finance B.V.,07/05/2020,5.75
DE,XS0412842857,innogy Finance B.V.,10/08/2021,6.5
DE,XS0438844093,EnBW International Finance BV,07/07/2039,6.125
DE,XS0441740817,Deutsche Telekom Intl Fin.B.V.,27/07/2021,5.375
DE,XS0452868788,Deutsche Bahn Finance Gmbh,23/09/2021,4.375
DE,XS0503603267,Deutsche Telekom Intl Fin.B.V.,22/04/2025,4.875
DE,XS0515937406,Deutsche Bahn Finance Gmbh,10/06/2020,3.5
DE,XS0524471355,Deutsche Bahn Finance Gmbh,09/07/2025,3.75
DE,XS0525787874,Deutsche Telekom Intl Fin.B.V.,13/07/2022,4.25
DE,XS0551935769,Eurogrid GmbH,22/10/2020,3.875
DE,XS0554975325,Deutsche Bahn Finance Gmbh,04/11/2022,3.375
DE,XS0632241112,Deutsche Bahn Finance Gmbh,01/06/2021,3.75
DE,XS0699330097,EWE AG,04/11/2020,4.125
DE,XS0753143709,Deutsche Bahn Finance Gmbh,08/03/2024,3
DE,XS0795877454,Deutsche Post Finance B.V.,27/06/2022,2.95
DE,XS0811690550,Bertelsmann SE  KGaA,02/08/2022,2.625
DE,XS0828235225,Linde Finance B.V.,17/09/2020,1.75
DE,XS0847580353,Deutsche Telekom Intl Fin.B.V.,24/10/2024,2.75
DE,XS0855167523,LANXESS AG,21/11/2022,2.625
DE,XS0856032213,Deutsche Bahn Finance Gmbh,20/02/2023,2
DE,XS0862941506,Deutsche Post AG,11/12/2020,1.875
DE,XS0862952297,Deutsche Post AG,11/12/2024,2.875
DE,XS0875796541,Deutsche Telekom Intl Fin.B.V.,18/01/2021,2.125
DE,XS0875797515,Deutsche Telekom Intl Fin.B.V.,17/01/2028,3.25
DE,XS0877622034,BMW Finance N.V.,24/01/2023,2.375
DE,XS0883560715,BASF SE,04/02/2021,1.875
DE,XS0909788290,Volkswagen Intl Finance N.V.,26/03/2021,2
DE,XS0934389221,Robert Bosch Invest.Nedld.B.V.,24/05/2021,1.625
DE,XS0934539726,Robert Bosch Invest.Nedld.B.V.,24/05/2028,2.625
DE,XS0942081570,Vier Gas Transport GmbH,12/06/2020,2
DE,XS0942082115,Vier Gas Transport GmbH,12/06/2025,2.875
DE,XS0951155869,Vier Gas Transport GmbH,10/07/2023,3.125
DE,XS0968316256,BMW Finance N.V.,04/09/2020,2
DE,XS0969344083,Continental AG,09/09/2020,3.125
DE,XS0969368934,Deutsche Bahn Finance Gmbh,12/09/2023,2.5
DE,XS0977496636,Deutsche Post AG,09/10/2023,2.75
DE,XS0982019126,innogy Finance B.V.,17/01/2024,3
DE,XS0988384904,Deutsche Bahn Finance Gmbh,06/11/2020,1.75
DE,XS0997941355,K+S Aktiengesellschaft,06/12/2021,4.125
DE,XS1015217703,BMW Finance N.V.,17/01/2024,2.625
DE,XS1017833242,BASF SE,22/01/2024,2.5
DE,XS1023268573,Bayer AG,25/01/2021,1.875
DE,XS1045386494,Deutsche Bahn Finance Gmbh,19/03/2029,2.75
DE,XS1069836077,Linde Finance B.V.,22/05/2024,1.875
DE,XS1074208270,EnBW International Finance BV,04/06/2026,2.5
DE,XS1084563615,Robert Bosch GmbH,08/07/2024,1.75
DE,XS1105276759,BMW Finance N.V.,05/09/2022,1.25
DE,XS1121177767,Bertelsmann SE  KGaA,14/10/2024,1.75
DE,XS1135309794,Bayer Capital Corp. B.V.,13/11/2023,1.25
DE,XS1167644407,Volkswagen Intl Finance N.V.,16/01/2023,0.875
DE,XS1167667283,Volkswagen Intl Finance N.V.,16/01/2030,1.625
DE,XS1168962063,BMW Finance N.V.,21/01/2025,1
DE,XS1170787797,Evonik Industries AG,23/01/2023,1
DE,XS1191116174,Infineon Technologies AG,10/03/2022,1.5
DE,XS1203941775,METRO AG,19/03/2025,1.5
DE,XS1234248919,Würth Finance International BV,19/05/2022,1
DE,XS1243251375,Eurogrid GmbH,10/06/2025,1.875
DE,XS1250867642,Deutsche Wohnen AG,24/07/2020,1.375
DE,XS1284570626,Merck Financial Services GmbH,01/09/2022,1.375
DE,XS1309518998,Deutsche Bahn Finance Gmbh,23/10/2025,1.25
DE,XS1315101011,Eurogrid GmbH,03/11/2023,1.625
DE,XS1316420089,Deutsche Bahn Finance Gmbh,06/11/2030,1.625
DE,XS1321956333,BMW Finance N.V.,17/11/2020,0.875
DE,XS1323052180,alstria office REIT-AG,24/03/2021,2.25
DE,XS1346695437,alstria office REIT-AG,12/04/2023,2.125
DE,XS1363560977,BMW Finance N.V.,15/02/2022,1
DE,XS1372911690,Deutsche Bahn Finance Gmbh,02/03/2026,0.75
DE,XS1377745937,Covestro AG,25/09/2024,1.75
DE,XS1377763161,Covestro AG,07/10/2021,1
DE,XS1382791975,Deutsche Telekom Intl Fin.B.V.,03/04/2028,1.5
DE,XS1382792197,Deutsche Telekom Intl Fin.B.V.,03/04/2023,0.625
DE,XS1387174375,HeidelbergCement AG,30/03/2023,2.25
DE,XS1388661651,Deutsche Post AG,01/04/2021,0.375
DE,XS1388661735,Deutsche Post AG,01/04/2026,1.25
DE,XS1396261338,BMW Finance N.V.,15/04/2024,0.75
DE,XS1396285279,Eurogrid GmbH,18/04/2028,1.5
DE,XS1396830058,Deutsche Telekom Intl Fin.B.V.,19/04/2021,0.25
DE,XS1397134609,Linde Finance B.V.,20/04/2028,1
DE,XS1400165350,Bertelsmann SE  KGaA,27/04/2026,1.125
DE,XS1425274484,HeidelbergCement AG,03/06/2024,2.25
DE,XS1441837546,Deutsche Bahn Finance Gmbh,11/07/2031,0.875
DE,XS1451539487,Deutsche Bahn Finance Gmbh,19/07/2021,0
DE,XS1488418960,Henkel AG  KGaA,13/09/2021,0
DE,XS1493724584,Deutsche Bahn Finance Gmbh,26/09/2028,0.625
DE,XS1501363425,LANXESS AG,07/10/2021,0.25
DE,XS1501367921,LANXESS AG,07/10/2026,1
DE,XS1518704900,Linde Finance B.V.,18/01/2022,0.25
DE,XS1524573752,Südzucker Intl Finance B.V.,29/11/2023,1.25
DE,XS1529515584,HeidelbergCement AG,07/02/2025,1.5
DE,XS1531060025,Knorr-Bremse AG,08/12/2021,0.5
DE,XS1548436473,BMW Finance N.V.,12/07/2024,0.75
DE,XS1548436556,BMW Finance N.V.,12/01/2021,0.125
DE,XS1554456613,LEG Immobilien AG,23/01/2024,1.25
DE,XS1557095459,Deutsche Telekom Intl Fin.B.V.,30/10/2021,0.375
DE,XS1557095616,Deutsche Telekom Intl Fin.B.V.,30/01/2027,1.375
DE,XS1557096267,Deutsche Telekom Intl Fin.B.V.,30/01/2024,0.875
DE,XS1586555606,Volkswagen Intl Finance N.V.,30/03/2021,0.5
DE,XS1586555861,Volkswagen Intl Finance N.V.,02/10/2023,1.125
DE,XS1586555945,Volkswagen Intl Finance N.V.,30/03/2027,1.875
DE,XS1589881272,BMW Finance N.V.,03/07/2020,0.125
DE,XS1589881785,BMW Finance N.V.,03/04/2025,0.875
DE,XS1595704872,innogy Finance B.V.,13/04/2025,1
DE,XS1611167856,HELLA GmbH & Co. KGaA,17/05/2024,1
DE,XS1616410061,E.ON SE,22/05/2024,0.875
DE,XS1616411036,E.ON SE,23/08/2021,0.375
DE,XS1616411119,E.ON SE,22/05/2029,1.625
DE,XS1617898363,Deutsche Telekom Intl Fin.B.V.,22/05/2026,1.125
DE,XS1619283218,Bertelsmann SE  KGaA,26/05/2021,0.25
DE,XS1626600040,Deutsche Bahn Finance Gmbh,08/12/2032,1.5
DE,XS1689523840,Brenntag Finance B.V.,27/09/2025,1.125
DE,XS1702729275,innogy Finance B.V.,19/10/2027,1.25
DE,XS1713475215,TLG IMMOBILIEN AG,27/11/2024,1.375
DE,XS1718417717,BASF SE,15/11/2037,1.625
DE,XS1718418103,BASF SE,15/11/2027,0.875
DE,XS1724873275,Südzucker Intl Finance B.V.,28/11/2025,1
DE,XS1732232340,Deutsche Telekom Intl Fin.B.V.,13/12/2024,0.625
DE,XS1734533372,Deutsche Post AG,13/12/2027,1
DE,XS1747444245,BMW Finance N.V.,10/07/2023,0.375
DE,XS1747444831,BMW Finance N.V.,10/01/2028,1.125
DE,XS1752475720,Deutsche Bahn Finance Gmbh,17/12/2027,1
DE,XS1761785077,innogy Finance B.V.,31/07/2029,1.5
DE,XS1772374770,Deutsche Bahn Finance Gmbh,16/08/2033,1.625
DE,XS1788515788,METRO AG,06/03/2023,1.125
DE,XS1808482746,"Hannover Rueck SE, Hanover",18/04/2028,1.125
DE,XS1820748538,LANXESS AG,16/05/2025,1.125
DE,XS1823246712,BMW Finance N.V.,22/11/2022,0.5
DE,XS1823246803,BMW Finance N.V.,22/05/2026,1.125
DE,XS1823502577,BASF SE,22/05/2030,1.5
DE,XS1823502650,BASF SE,22/05/2025,0.875
DE,XS1823518730,Würth Finance International BV,26/05/2025,1
DE,XS1828032513,Deutsche Telekom Intl Fin.B.V.,01/12/2022,0.625
DE,XS1828032786,Deutsche Telekom Intl Fin.B.V.,01/12/2025,1.375
DE,XS1828033834,Deutsche Telekom Intl Fin.B.V.,01/12/2029,2
DE,XS1829217345,innogy Finance B.V.,30/05/2026,1.625
DE,XS1829217428,innogy Finance B.V.,30/11/2022,0.75
DE,XS1837288494,Knorr-Bremse AG,13/06/2025,1.125
DE,XS1840614736,Bayer Capital Corp. B.V.,27/06/2022,FLOATING
DE,XS1840614900,Bayer Capital Corp. B.V.,15/12/2022,0.625
DE,XS1840618059,Bayer Capital Corp. B.V.,26/06/2026,1.5
DE,XS1840618216,Bayer Capital Corp. B.V.,15/12/2029,2.125
DE,XS1843459436,Amphenol Technologies Holding GmbH,08/10/2028,2
DE,XS1854532949,"Fresenius Medical Care AG and Co. KGaA, Bad Homburg",11/07/2025,1.5
DE,XS1873143561,BMW Finance N.V.,29/11/2021,0.125
DE,XS1873143645,BMW Finance N.V.,29/08/2025,1
DE,XS1874127811,Siemens Financieringsmaatschappij N.V.,06/09/2023,0.375
DE,XS1874127902,Siemens Financieringsmaatschappij N.V.,06/09/2030,1.375
DE,XS1874128033,Siemens Financieringsmaatschappij N.V.,06/09/2027,1
DE,XS1882681452,Vier Gas Transport GmbH,25/09/2028,1.5
DE,XS1885608817,Deutsche Bahn Finance Gmbh,28/03/2031,1.375
DE,XS1888229249,Bertelsmann SE  KGaA,29/09/2025,1.25
DE,XS1901055472,EnBW International Finance BV,31/10/2033,1.875
DE,XS1910245593,BMW Finance N.V.,14/01/2022,0.25
DE,XS1910245676,BMW Finance N.V.,14/11/2024,1
DE,XS1910947941,Volkswagen Intl Finance N.V.,16/11/2024,FLOATING
DE,XS1910948162,Volkswagen Intl Finance N.V.,16/11/2027,2.625
DE,XS1910948329,Volkswagen Intl Finance N.V.,18/11/2030,3.25
DE,XS1910948675,Volkswagen Intl Finance N.V.,16/11/2038,4.125
DE,XS1917358621,Deutsche Post AG,05/12/2028,1.625
DE,XS1936139770,Deutsche Bahn Finance Gmbh,18/12/2028,1.125
DE,XS1936208252,Fresenius SE & Co. KGaA,15/02/2025,1.875
DE,XS1936208419,Fresenius SE & Co. KGaA,15/02/2029,2.875
DE,XS1948611840,BMW Finance N.V.,06/02/2029,1.5
DE,XS1948612905,BMW Finance N.V.,06/10/2023,0.625
DE,XS1955187692,Siemens Financieringsmaatschappij N.V.,28/02/2024,0.3
DE,XS1955187775,Siemens Financieringsmaatschappij N.V.,28/02/2028,0.9
DE,XS1955187858,Siemens Financieringsmaatschappij N.V.,28/02/2031,1.25
DE,XS2010039381,ZF Europe Finance B.V,23/02/2026,2
DE,XS2010039894,ZF Europe Finance B.V,23/10/2029,3
DE,XS2010039977,ZF Europe Finance B.V,23/10/2027,2.5
DE,XS2010040124,ZF Europe Finance B.V,23/10/2023,1.25
DE,XS2010044464,TLG IMMOBILIEN AG,23/09/2022,0.375
DE,XS2010447238,BMW Finance N.V.,13/07/2026,0.75
DE,XS2023644201,Merck Financial Services GmbH,05/07/2027,0.375
DE,XS2023644540,Merck Financial Services GmbH,05/07/2031,0.875
DE,XS2024715794,"Deutsche Telekom AG, Bonn",05/07/2027,0.5
DE,XS2024716099,"Deutsche Telekom AG, Bonn",05/07/2034,1.375
DE,XS2047479469,HELLA GmbH & Co. KGaA,26/01/2027,0.5
DE,XS2047500769,E.ON SE,28/08/2024,0
DE,XS2047500926,E.ON SE,28/02/2030,0.35
DE,XS2049090595,Vier Gas Transport GmbH,10/09/2029,0.125
DE,XS2049146215,Vier Gas Transport GmbH,10/09/2034,0.5
DE,XS2049616464,Siemens Financieringsmaatschappij N.V.,05/09/2021,0
DE,XS2049616548,Siemens Financieringsmaatschappij N.V.,05/09/2024,0
DE,XS2049616621,Siemens Financieringsmaatschappij N.V.,05/09/2029,0.125
DE,XS2049616894,Siemens Financieringsmaatschappij N.V.,05/09/2034,0.5
DE,XS2049726990,Deutsche Lufthansa AG,06/09/2024,0.25
DE,XS2051667181,Continental AG,12/09/2023,0
DE,XS2055727916,BMW Finance N.V.,24/03/2023,0
DE,XS2055728054,BMW Finance N.V.,24/09/2027,0.375
DE,XS2056430874,Continental AG,27/06/2025,0.375
DE,XS2069380488,E.ON SE,24/10/2022,0
DE,XS2069380991,E.ON SE,24/10/2026,0.25
DE,XS2077546682,E.ON SE,07/11/2031,0.625
DE,XS2083146964,Albemarle New Holding GmbH,25/11/2025,1.125
DE,XS2083147343,Albemarle New Holding GmbH,25/11/2028,1.625
DE,XS2084488209,"Fresenius Medical Care AG and Co. KGaA, Bad Homburg",29/11/2029,1.25
DE,XS2084497705,"Fresenius Medical Care AG and Co. KGaA, Bad Homburg",30/11/2026,0.625
DE,XS2084510069,"Fresenius Medical Care AG and Co. KGaA, Bad Homburg",29/11/2023,0.25
DE,XS2091216205,E.ON SE,29/09/2022,0
DE,XS2093242373,Siemens Financieringsmaatschappij N.V.,17/12/2021,FLOATING
DE,XS2101357072,Fresenius SE & Co. KGaA,15/01/2028,0.75
DE,XS2102355588,BMW Finance N.V.,14/04/2023,0
DE,XS2102357014,BMW Finance N.V.,14/01/2027,0.375
DE,XS2102357105,BMW Finance N.V.,14/01/2032,0.875
DE,XS2102380776,Deutsche Bahn Finance Gmbh,16/07/2035,0.75
DE,XS2102916793,Merck Financial Services GmbH,16/07/2025,0.125
DE,XS2102932055,Merck Financial Services GmbH,16/07/2028,0.5
DE,XS2103014291,E.ON SE,29/09/2027,0.375
DE,XS2103014457,E.ON SE,18/12/2030,0.75
DE,XS2103015009,E.ON SE,18/12/2023,0
DE,XS2118273601,Siemens Financieringsmaatschappij N.V.,20/02/2032,0.5
DE,XS2118276026,Siemens Financieringsmaatschappij N.V.,20/02/2029,0.25
DE,XS2118276539,Siemens Financieringsmaatschappij N.V.,20/02/2023,0
DE,XS2118280218,Siemens Financieringsmaatschappij N.V.,20/02/2026,0
DE,XS2149280948,Bertelsmann SE  KGaA,01/04/2028,2
DE,XS2152329053,Fresenius SE & Co. KGaA,08/10/2027,1.625
DE,XS2152899584,E.ON SE,07/10/2025,1
ES,ES0205032008,"Ferrovial Emisiones, S.A.",15/07/2024,2.5
ES,ES0205032016,"Ferrovial Emisiones, S.A.",14/09/2022,0.375
ES,ES0205032024,"Ferrovial Emisiones, S.A.",31/03/2025,1.375
ES,ES0211845260,Abertis Infraestructuras SA,20/06/2023,3.75
ES,ES0211845294,Abertis Infraestructuras SA,27/02/2025,2.5
ES,ES0211845302,Abertis Infraestructuras SA,20/05/2026,1.375
ES,ES0211845310,Abertis Infraestructuras SA,27/02/2027,1
ES,ES0224244071,Mapfre SA,19/05/2026,1.625
ES,ES0224261059,Corporacion de Reservas Estrategicas de Productos Petroliferos,24/11/2027,1.75
ES,XS0162869076,Telefónica Europe B.V.,14/02/2033,5.875
ES,XS0458749826,Gas Natural CM S.A.,02/11/2021,5.125
ES,XS0619706657,Red Eléctrica Financ. S.A.U.,29/04/2020,4.875
ES,XS0874864860,Telefonica Emisiones S.A.U.,23/01/2023,3.987
ES,XS0875343757,Naturgy Finance B.V.,17/01/2023,3.875
ES,XS0876289652,Red Eléctrica Financ. S.A.U.,25/01/2022,3.875
ES,XS0879869187,Iberdrola International B.V.,01/02/2021,3.5
ES,XS0907289978,Telefonica Emisiones S.A.U.,26/03/2021,3.961
ES,XS0914400246,Naturgy Finance B.V.,11/04/2022,3.875
ES,XS0933604943,Repsol Intl Finance B.V.,28/05/2020,2.625
ES,XS0940711947,Iberdrola International B.V.,11/11/2020,2.875
ES,XS0975256685,Repsol Intl Finance B.V.,07/10/2021,3.625
ES,XS0981438582,Naturgy Finance B.V.,15/04/2021,3.5
ES,XS0990109240,Iberdrola International B.V.,31/01/2022,3
ES,XS1041934800,Naturgy Finance B.V.,11/03/2024,2.875
ES,XS1050547931,Redexis Gas Finance B.V.,08/04/2021,2.75
ES,XS1052843908,Enagás Financiaciones S.A.U.,11/04/2022,2.5
ES,XS1057055060,Iberdrola International B.V.,24/10/2022,2.5
ES,XS1062909624,Naturgy Finance B.V.,08/05/2023,2.625
ES,XS1069430368,Telefonica Emisiones S.A.U.,27/05/2022,2.242
ES,XS1079698376,Red Eléctrica Financ. S.A.U.,01/07/2023,2.125
ES,XS1116408235,Iberdrola International B.V.,08/10/2024,1.875
ES,XS1120892507,Telefonica Emisiones S.A.U.,17/10/2029,2.932
ES,XS1148073205,Repsol Intl Finance B.V.,10/12/2026,2.25
ES,XS1170307414,Naturgy Finance B.V.,21/01/2025,1.375
ES,XS1171541813,Iberdrola International B.V.,27/01/2023,1.125
ES,XS1177459531,Enagás Financiaciones S.A.U.,06/02/2025,1.25
ES,XS1203859415,Enagás Financiaciones S.A.U.,25/03/2023,1
ES,XS1219462543,Red Eléctrica Financ. S.A.U.,24/04/2025,1.125
ES,XS1223842847,Redexis Gas Finance B.V.,27/04/2027,1.875
ES,XS1290729208,Telefonica Emisiones S.A.U.,14/09/2021,1.477
ES,XS1291004270,Iberdrola International B.V.,17/09/2023,1.75
ES,XS1322048619,Amadeus Capital Markets S.A.U.,17/11/2021,1.625
ES,XS1334225361,Repsol Intl Finance B.V.,16/12/2020,2.125
ES,XS1394764689,Telefonica Emisiones S.A.U.,13/04/2026,1.46
ES,XS1394777665,Telefonica Emisiones S.A.U.,13/04/2022,0.75
ES,XS1395060491,Red Eléctrica Financ. S.A.U.,21/04/2026,1
ES,XS1396767854,Naturgy Finance B.V.,19/04/2026,1.25
ES,XS1398336351,Merlin Properties SOCIMI S.A.,25/04/2023,2.225
ES,XS1398476793,Iberdrola International B.V.,21/04/2026,1.125
ES,XS1400342587,Distribuidora Intl de Alim.SA,28/04/2021,1
ES,XS1403388694,Enagás Financiaciones S.A.U.,05/05/2028,1.375
ES,XS1468525057,Cellnex Telecom S.A.,16/01/2024,2.375
ES,XS1490726590,Iberdrola International B.V.,15/09/2025,0.375
ES,XS1501162876,Amadeus Capital Markets S.A.U.,06/10/2020,0.125
ES,XS1505554698,Telefonica Emisiones S.A.U.,17/10/2020,0.318
ES,XS1505554771,Telefonica Emisiones S.A.U.,17/10/2031,1.93
ES,XS1508831051,Enagás Financiaciones S.A.U.,27/10/2026,0.75
ES,XS1512827095,Merlin Properties SOCIMI S.A.,02/11/2026,1.875
ES,XS1527758145,Iberdrola Finanzas S.A.U.,07/03/2024,1
ES,XS1550951138,Telefonica Emisiones S.A.U.,17/10/2028,2.318
ES,XS1550951211,Telefonica Emisiones S.A.U.,17/01/2025,1.528
ES,XS1551446880,Naturgy Finance B.V.,19/01/2027,1.375
ES,XS1551726810,Cellnex Telecom S.A.,18/04/2025,2.875
ES,XS1575444622,Iberdrola Finanzas S.A.U.,07/03/2025,1
ES,XS1589970968,Distribuidora Intl de Alim.SA,06/04/2023,0.875
ES,XS1590568132,Gas Natural CM S.A.,11/04/2024,1.125
ES,XS1596739364,Madrileña Red de Gas Fin. B.V.,11/04/2025,1.375
ES,XS1596740453,Madrileña Red de Gas Fin. B.V.,11/04/2029,2.25
ES,XS1613140489,Repsol Intl Finance B.V.,23/05/2022,0.5
ES,XS1619643015,Merlin Properties SOCIMI S.A.,26/05/2025,1.75
ES,XS1681521081,Telefonica Emisiones S.A.U.,12/01/2028,1.715
ES,XS1682538183,Iberdrola Finanzas S.A.U.,13/09/2027,1.25
ES,XS1684831982,Merlin Properties SOCIMI S.A.,18/09/2029,2.375
ES,XS1695276367,Naturgy Finance B.V.,05/10/2029,1.875
ES,XS1718393439,Naturgy Finance B.V.,15/05/2025,0.875
ES,XS1726152108,Iberdrola Finanzas S.A.U.,29/11/2029,1.621
ES,XS1729879822,Prosegur Cash S.A.,04/02/2026,1.375
ES,XS1755428502,Naturgy Finance B.V.,29/01/2028,1.5
ES,XS1756296965,Telefonica Emisiones S.A.U.,22/01/2027,1.447
ES,XS1759603761,Prosegur - Cía de Seguridad SA,08/02/2023,1
ES,XS1788586375,Red Eléctrica Financ. S.A.U.,13/03/2027,1.25
ES,XS1799545329,"ACS Servicios Comunicaciones y Energia, S.L., Madrid",20/04/2026,1.875
ES,XS1847692636,Iberdrola Finanzas S.A.U.,28/10/2026,1.25
ES,XS1877846110,Telefonica Emisiones S.A.U.,11/09/2025,1.495
ES,XS1878190757,"Amadeus IT Group SA, Madrid",18/03/2022,FLOATING
ES,XS1878191052,"Amadeus IT Group SA, Madrid",18/09/2023,0.875
ES,XS1878191219,"Amadeus IT Group SA, Madrid",18/09/2026,1.5
ES,XS1946004451,Telefonica Emisiones S.A.U.,05/02/2024,1.069
ES,XS1961772560,Telefonica Emisiones S.A.U.,12/03/2029,1.788
ES,XS1967635621,Abertis Infraestructuras SA,27/06/2024,1.5
ES,XS1967635977,Abertis Infraestructuras SA,27/09/2027,2.375
ES,XS1967636199,Abertis Infraestructuras SA,27/03/2031,3
ES,XS1996435688,"CEPSA Finance, S.Aflds",16/02/2025,1
ES,XS2020580945,International Consolidated Airlines Group,04/07/2023,0.5
ES,XS2020581752,International Consolidated Airlines Group,04/07/2027,1.5
ES,XS2020583618,Telefonica Emisiones S.A.U.,01/07/2039,1.957
ES,XS2025466413,Abertis Infraestructuras SA,15/07/2025,0.625
ES,XS2025480596,Abertis Infraestructuras SA,15/07/2029,1.625
ES,XS2035620710,Repsol Intl Finance B.V.,02/08/2027,0.25
ES,XS2055651918,Abertis Infraestructuras SA,26/03/2028,1.125
ES,XS2083976139,Naturgy Finance B.V.,28/11/2029,0.75
ES,XS2102934697,Cellnex Telecom S.A.,20/04/2027,1
ES,XS2103013210,Red Eléctrica Financ. S.A.U.,24/07/2028,0.375
ES,XS2112289207,Telefonica Emisiones S.A.U.,03/02/2030,0.664
ES,XS2113911387,Abertis Infraestructuras SA,07/02/2028,1.25
ES,XS2117485677,"CEPSA Finance, S.Aflds",12/02/2028,0.75
ES,XS2153405118,Iberdrola Finanzas S.A.U.,16/06/2025,0.875
ES,XS2154441120,Red Electrica Corporacion SA,14/04/2025,0.875
ES,XS2156506854,Naturgy Finance B.V.,15/01/2026,1.25
ES,XS2156581394,Repsol Intl Finance B.V.,15/12/2025,2
ES,XS2156583259,Repsol Intl Finance B.V.,15/04/2030,2.625
FI,AT0000A0X913,KELAG-Kärntner Elektrizitäts- Aktiengesellschaft,24/10/2022,3.25
FI,AT0000A109Z8,STRABAG SE,21/05/2020,3
FI,AT0000A182L5,NOVOMATIC AG,23/06/2021,3
FI,AT0000A1C741,STRABAG SE,04/02/2022,1.625
FI,AT0000A1LHT0,NOVOMATIC AG,20/09/2023,1.625
FI,AT0000A24UY3,Borealis AG,10/12/2025,1.75
FI,FI4000223532,Kojamo Oyj,17/10/2023,1.625
FI,FI4000282629,"Metsa Board OYJ, Espoo",29/09/2027,2.75
FI,FI4000312095,DNA Oyj,27/03/2025,1.375
FI,XS0213737702,Energie AG Oberösterreich,04/03/2025,4.5
FI,XS0235372140,Eesti Energia AS,18/11/2020,4.5
FI,XS0690406243,OMV AG,12/10/2021,4.25
FI,XS0690623771,EVN AG,13/04/2022,4.25
FI,XS0767278301,Telekom Finanzmanagement GmbH,04/04/2022,4
FI,XS0768448796,Fingrid Oyj,03/04/2024,3.5
FI,XS0834367863,OMV AG,27/09/2022,2.625
FI,XS0834371469,OMV AG,27/09/2027,3.5
FI,XS0905658349,Erdöl-Lagergesellschaft m.b.H.,20/03/2028,2.75
FI,XS0950055359,Telekom Finanzmanagement GmbH,04/07/2023,3.5
FI,XS0973806861,Elisa Oyj,22/01/2021,2.75
FI,XS0999667263,Telekom Finanzmanagement GmbH,03/12/2021,3.125
FI,XS1077584024,Ryanair DAC,17/06/2021,1.875
FI,XS1110299036,Sampo OYJ,16/09/2021,1.5
FI,XS1140300663,Verbund AG,20/11/2024,1.5
FI,XS1183235644,Teollisuuden Voima Oyj,04/02/2025,2.125
FI,XS1199964575,Ryanair DAC,10/03/2023,1.125
FI,XS1232146412,Caterpillar Intl Finance Ltd.,13/10/2020,0.75
FI,XS1239586594,ESB Finance DAC,08/06/2027,2.125
FI,XS1288849471,Kerry Group Financial Services,10/09/2025,2.375
FI,XS1292352843,Eesti Energia AS,22/09/2023,2.384
FI,XS1405762805,Telekom Finanzmanagement GmbH,07/12/2026,1.5
FI,XS1419674525,DAA Finance PLC,07/06/2028,1.554
FI,XS1428782160,ESB Finance DAC,14/06/2031,1.875
FI,XS1489391109,PartnerRe Ireland Finance DAC,15/09/2026,1.25
FI,XS1492685885,Eaton Capital Unlimited Co.,20/09/2024,0.75
FI,XS1505896735,CRH Finance DAC,18/10/2028,1.375
FI,XS1514470316,Teollisuuden Voima Oyj,13/01/2023,2.625
FI,XS1520733301,Sampo OYJ,18/09/2023,1
FI,XS1529684695,Gas Networks Ireland,05/12/2026,1.375
FI,XS1554373164,Fresenius Finance Ireland PLC,31/01/2022,0.875
FI,XS1554373248,Fresenius Finance Ireland PLC,30/01/2024,1.5
FI,XS1554373677,Fresenius Finance Ireland PLC,01/02/2027,2.125
FI,XS1554373834,Fresenius Finance Ireland PLC,30/01/2032,3
FI,XS1560853670,ESB Finance DAC,07/02/2029,1.75
FI,XS1565699763,Ryanair DAC,15/08/2023,1.125
FI,XS1577727164,"Nokia Oyj, Espoo",15/03/2021,1
FI,XS1577731604,"Nokia Oyj, Espoo",15/03/2024,2
FI,XS1578886258,Elisa Oyj,17/03/2024,0.875
FI,XS1586337872,Liberty Mutual Fin.Europe DAC,27/03/2024,1.75
FI,XS1622193750,Sampo OYJ,30/05/2025,1.25
FI,XS1624344542,Stora Enso Oyj,07/06/2027,2.5
FI,XS1626574708,Metso Corp.,13/06/2024,1.125
FI,XS1628004779,Kojamo Oyj,19/06/2024,1.5
FI,XS1646530565,Lietuvos energija UAB,14/07/2027,2
FI,XS1713464102,Elering A.S.,03/05/2023,0.875
FI,XS1734689620,OMV AG,14/12/2026,1
FI,XS1775786574,Sampo OYJ,21/02/2028,1.625
FI,XS1785356251,Kojamo Oyj,07/03/2025,1.625
FI,XS1794354628,Stora Enso Oyj,21/03/2028,2.5
FI,XS1816329418,Teollisuuden Voima Oyj,08/05/2024,2
FI,XS1853999313,Lietuvos energija UAB,10/07/2028,1.875
FI,XS1888184121,Sampo OYJ,27/09/2030,2.25
FI,XS1903442744,ESB Finance DAC,05/11/2033,2.125
FI,XS1917590876,OMV AG,04/12/2023,0.75
FI,XS1917590959,OMV AG,04/12/2028,1.875
FI,XS1953833750,Elisa Oyj,26/02/2026,1.125
FI,XS1956027947,"Fortum Oyj, Helsinki",27/02/2029,2.125
FI,XS1956028168,"Fortum Oyj, Helsinki",27/02/2023,0.875
FI,XS1956037664,"Fortum Oyj, Helsinki",27/02/2026,1.625
FI,XS1960685383,"Nokia Oyj, Espoo",11/03/2026,2
FI,XS1996268253,Eaton Capital Unlimited Co.,14/05/2021,0.021
FI,XS1996269061,Eaton Capital Unlimited Co.,14/05/2025,0.697
FI,XS2009861480,ESB Finance DAC,11/06/2030,1.125
FI,XS2013626010,Zurich Finance (Ireland) DAC,17/06/2039,1.625
FI,XS2022093434,OMV AG,03/07/2025,0
FI,XS2022093517,OMV AG,03/07/2034,1
FI,XS2042667944,Kerry Group Financial Services,20/09/2029,0.625
FI,XS2046736752,Atlas Copco Finance DAC,03/09/2029,0.125
FI,XS2049419398,Teollisuuden Voima Oyj,09/03/2026,1.125
FI,XS2088659789,Gas Networks Ireland,04/12/2024,0.125
FI,XS2099128055,CA Immobilien Anlagen AG,05/02/2027,0.875
FI,XS2151059206,Mondi Finance,01/04/2028,2.375
FI,XS2153410977,SATO Oyj,07/04/2023,2.25
FI,XS2154347293,OMV AG,09/04/2024,1.5
FI,XS2154347707,OMV AG,09/04/2028,2
FI,XS2154348424,OMV AG,09/04/2032,2.375
FR,FR0000471930,Orange S.A.,28/01/2033,8.125
FR,FR0000475758,GIE ENGIE Alliance,24/06/2023,5.75
FR,FR0000476087,La Poste,26/06/2023,4.375
FR,FR0010033381,Veolia Environnement S.A.,25/11/2033,6.125
FR,FR0010199927,SNCF Mobilités,03/06/2020,3.625
FR,FR0010212852,Bouygues S.A.,22/07/2020,4.25
FR,FR0010261396,Veolia Environnement S.A.,11/12/2020,4.375
FR,FR0010327007,Compagnie Fin. Ind. Autoroutes,24/05/2021,5
FR,FR0010394437,La Poste,08/11/2021,4.25
FR,FR0010474239,Veolia Environnement S.A.,24/05/2022,5.125
FR,FR0010491720,Autoroutes du Sud de la France,04/07/2022,5.625
FR,FR0010709451,Engie S.A.,18/01/2021,6.375
FR,FR0010780528,Suez S.A.,22/07/2024,5.5
FR,FR0010800540,Electricité de France (E.D.F.),11/09/2024,4.625
FR,FR0010891317,Electricité de France (E.D.F.),26/04/2030,4.625
FR,FR0010908905,Air Liquide Finance,09/06/2020,3.889
FR,FR0010913178,RTE EDF TRANSPORT,28/06/2022,3.875
FR,FR0010913780,Suez S.A.,24/06/2022,4.125
FR,FR0010922534,Schneider Electric SE,20/07/2020,3.625
FR,FR0010951806,SOCIETE ANONYME DE GESTION DES STOCKS DE SECURITE (SAGESS),21/10/2022,3.125
FR,FR0010952770,Engie S.A.,18/10/2022,3.5
FR,FR0010961540,Electricité de France (E.D.F.),12/11/2025,4
FR,FR0010961581,Electricité de France (E.D.F.),12/11/2040,4.5
FR,FR0010967216,DANONE,23/11/2020,3.6
FR,FR0011048966,Suez S.A.,17/05/2021,4.078
FR,FR0011182641,Electricité de France (E.D.F.),18/01/2022,3.875
FR,FR0011193515,Bouygues S.A.,09/02/2022,4.5
FR,FR0011224963,Veolia Environnement S.A.,30/03/2027,4.625
FR,FR0011225143,Electricité de France (E.D.F.),25/03/2027,4.125
FR,FR0011266527,AEROPORTS DE PARIS,11/06/2024,3.125
FR,FR0011289230,Engie S.A.,20/07/2022,2.625
FR,FR0011318658,Electricité de France (E.D.F.),10/03/2023,2.75
FR,FR0011332196,Bouygues S.A.,16/01/2023,3.625
FR,FR0011339746,Eutelsat S.A.,10/10/2022,3.125
FR,FR0011344076,Air Liquide Finance,15/10/2021,2.125
FR,FR0011360478,La Poste,26/11/2024,2.75
FR,FR0011394907,Autoroutes du Sud de la France,18/01/2023,2.875
FR,FR0011439785,SOCIETE ANONYME DE GESTION DES STOCKS DE SECURITE (SAGESS),06/03/2025,2.625
FR,FR0011439835,Air Liquide S.A.,06/09/2023,2.375
FR,FR0011502814,GECINA,30/05/2023,2.875
FR,FR0011509488,AEROPORTS DE PARIS,05/06/2028,2.75
FR,FR0011527241,DANONE,28/06/2023,2.6
FR,FR0011535764,Kering S.A.,15/07/2020,2.5
FR,FR0011560077,Orange S.A.,09/01/2024,3.125
FR,FR0011560333,Sanofi S.A.,04/09/2020,1.875
FR,FR0011561000,Schneider Electric SE,06/09/2021,2.5
FR,FR0011565555,RTE EDF TRANSPORT,12/09/2023,2.875
FR,FR0011585215,Suez S.A.,09/10/2023,2.75
FR,FR0011625409,DANONE,15/11/2021,2.25
FR,FR0011625433,Sanofi S.A.,14/11/2023,2.5
FR,FR0011625441,LVMH Moët Henn. L. Vuitton SE,13/11/2020,1.75
FR,FR0011637586,Electricité de France (E.D.F.),27/04/2021,2.25
FR,FR0011689033,Valeo S.A.,22/01/2024,3.25
FR,FR0011694033,Autoroutes du Sud de la France,17/01/2024,2.95
FR,FR0011769090,RENAULT SA,05/03/2021,3.125
FR,FR0011842913,EssilorLuxottica S.A.,09/04/2024,2.375
FR,FR0011842939,EssilorLuxottica S.A.,09/04/2021,1.75
FR,FR0011911239,Engie S.A.,19/05/2020,1.375
FR,FR0011911247,Engie S.A.,19/05/2026,2.375
FR,FR0011951771,Air Liquide Finance,05/06/2024,1.875
FR,FR0011991488,RTE EDF TRANSPORT,20/06/2029,2.75
FR,FR0012146777,Sanofi S.A.,10/03/2022,1.125
FR,FR0012146801,Sanofi S.A.,10/09/2026,1.75
FR,FR0012173706,LVMH Moët Henn. L. Vuitton SE,24/09/2021,1
FR,FR0012173862,Pernod-Ricard S.A.,27/09/2024,2.125
FR,FR0012199008,Kering S.A.,01/10/2021,1.375
FR,FR0012199065,RTE EDF TRANSPORT,08/10/2024,1.625
FR,FR0012199081,RTE EDF TRANSPORT,09/10/2034,2.625
FR,FR0012199156,Wendel S.A.,02/10/2024,2.75
FR,FR0012206993,AEROPORTS DE PARIS,07/04/2025,1.5
FR,FR0012236669,INFRA PARK,16/04/2025,2.125
FR,FR0012283653,Klepierre,06/11/2024,1.75
FR,FR0012332203,Mercialys,31/03/2023,1.787
FR,FR0012346856,SOCIETE FONCIERE LYONNAISE SA,26/11/2021,1.875
FR,FR0012384634,Publicis Groupe S.A.,16/12/2021,1.125
FR,FR0012384667,Publicis Groupe S.A.,16/12/2024,1.625
FR,FR0012432912,DANONE,14/01/2025,1.125
FR,FR0012448025,GECINA,20/01/2025,1.5
FR,FR0012452191,ARKEMA SA,20/01/2025,1.5
FR,FR0012516417,Wendel S.A.,09/02/2027,2.5
FR,FR0012599892,Edenred S.A.,10/03/2025,1.375
FR,FR0012601367,Schneider Electric SE,11/03/2025,0.875
FR,FR0012602753,Engie S.A.,13/03/2022,0.5
FR,FR0012602761,Engie S.A.,13/03/2026,1
FR,FR0012648244,Kering S.A.,28/03/2022,0.875
FR,FR0012663169,Veolia Environnement S.A.,10/01/2028,1.59
FR,FR0012674661,Klepierre,17/04/2023,1
FR,FR0012758985,La Poste,04/06/2025,1.125
FR,FR0012766889,Air Liquide Finance,03/06/2025,1.25
FR,FR0012790327,GECINA,17/06/2024,2
FR,FR0012861821,AEROPORTS DE PARIS,24/07/2023,1.5
FR,FR0012881555,TOTAL INFRASTRUCTURES GAZ FRANCE,05/08/2025,2.2
FR,FR0012939841,Schneider Electric SE,08/09/2023,1.5
FR,FR0012949923,Suez S.A.,10/09/2025,1.75
FR,FR0012967461,CARMILA,18/09/2023,2.375
FR,FR0012968931,Pernod-Ricard S.A.,28/09/2023,1.875
FR,FR0012969020,Sanofi S.A.,22/09/2021,0.875
FR,FR0012969038,Sanofi S.A.,22/09/2025,1.5
FR,FR0013015559,Schneider Electric SE,13/10/2025,1.841
FR,FR0013030038,Klepierre,22/10/2025,2.125
FR,FR0013053030,SOCIETE FONCIERE LYONNAISE SA,16/11/2022,2.25
FR,FR0013053329,SOCIETE DES AUTOROUTES DU NORD ET DE L EST DE LA FRANCE (SANEF),16/03/2026,1.875
FR,FR0013060209,RTE EDF TRANSPORT,27/11/2025,1.625
FR,FR0013063609,DANONE,30/05/2024,1.25
FR,FR0013073277,Legrand S.A.,16/12/2027,1.875
FR,FR0013108933,SOCIETE ANONYME DE GESTION DES STOCKS DE SECURITE (SAGESS),25/05/2023,0.625
FR,FR0013121753,Klepierre,19/02/2026,1.875
FR,FR0013139482,Valeo S.A.,18/03/2026,1.625
FR,FR0013142536,CARMILA,16/09/2024,2.375
FR,FR0013143997,Sanofi S.A.,05/04/2024,0.625
FR,FR0013144003,Sanofi S.A.,05/04/2028,1.125
FR,FR0013152899,RTE EDF TRANSPORT,19/10/2026,1
FR,FR0013152907,RTE EDF TRANSPORT,18/04/2036,2
FR,FR0013153822,Air Liquide Finance,18/04/2022,0.375
FR,FR0013165677,Kering S.A.,10/05/2026,1.25
FR,FR0013169885,Autoroutes du Sud de la France,13/05/2026,1
FR,FR0013170834,Covivio S.A.,20/05/2026,1.875
FR,FR0013172939,Pernod-Ricard S.A.,18/05/2026,1.5
FR,FR0013173432,Suez S.A.,19/05/2028,1.25
FR,FR0013176302,Vivendi S.A.,26/05/2021,0.75
FR,FR0013176310,Vivendi S.A.,26/05/2026,1.875
FR,FR0013179553,JCDECAUX SA,01/06/2023,1
FR,FR0013182078,SOCIETE DES AUTOROUTES PARIS-RHIN-RHONE (APRR),09/01/2026,1.125
FR,FR0013182805,Air Liquide Finance,13/06/2020,0.125
FR,FR0013182821,Air Liquide Finance,13/06/2022,0.5
FR,FR0013182839,Air Liquide Finance,13/06/2024,0.75
FR,FR0013182847,Air Liquide Finance,13/06/2028,1.25
FR,FR0013183431,Regie Autonome des Transports Parisiens (RATP),15/06/2024,0.375
FR,FR0013184702,Eutelsat S.A.,23/06/2021,1.125
FR,FR0013201126,Compagnie Fin. Ind. Autoroutes,07/02/2025,0.375
FR,FR0013201134,Compagnie Fin. Ind. Autoroutes,09/09/2028,0.75
FR,FR0013201308,Schneider Electric SE,09/09/2024,0.25
FR,FR0013201621,Sanofi S.A.,13/09/2022,0
FR,FR0013201639,Sanofi S.A.,13/01/2027,0.5
FR,FR0013203825,Klepierre,29/09/2031,1.25
FR,FR0013205069,GECINA,30/01/2029,1
FR,FR0013210408,Veolia Environnement S.A.,04/10/2023,0.314
FR,FR0013210416,Veolia Environnement S.A.,04/01/2029,0.927
FR,FR0013213295,Electricité de France (E.D.F.),13/10/2026,1
FR,FR0013213303,Electricité de France (E.D.F.),13/10/2036,1.875
FR,FR0013213683,SOCIETE DES AUTOROUTES DU NORD ET DE L EST DE LA FRANCE (SANEF),19/10/2028,0.95
FR,FR0013213709,Wendel S.A.,20/04/2023,1
FR,FR0013214137,SOCIETE ANONYME DE GESTION DES STOCKS DE SECURITE (SAGESS),20/10/2028,0.625
FR,FR0013216892,DANONE,03/11/2020,0.167
FR,FR0013216900,DANONE,03/11/2022,0.424
FR,FR0013216918,DANONE,03/11/2024,0.709
FR,FR0013216926,DANONE,03/11/2028,1.208
FR,FR0013217114,Orange S.A.,03/02/2027,0.875
FR,FR0013217346,Publicis Groupe S.A.,03/11/2023,0.5
FR,FR0013218138,CAP GEMINI,09/11/2021,0.5
FR,FR0013220258,SOCIETE DES AUTOROUTES PARIS-RHIN-RHONE (APRR),06/01/2027,1.25
FR,FR0013220266,SOCIETE DES AUTOROUTES PARIS-RHIN-RHONE (APRR),06/01/2031,1.875
FR,FR0013220399,Vivendi S.A.,24/11/2023,1.125
FR,FR0013222494,Bouygues S.A.,07/06/2027,1.375
FR,FR0013230943,Valeo S.A.,11/01/2023,0.625
FR,FR0013231099,Autoroutes du Sud de la France,18/01/2027,1.25
FR,FR0013238045,Klepierre,16/02/2027,1.375
FR,FR0013240835,RENAULT SA,08/03/2023,1
FR,FR0013241346,Air Liquide Finance,08/03/2027,1
FR,FR0013241536,Orange S.A.,11/09/2023,0.75
FR,FR0013241676,Orange S.A.,09/09/2027,1.5
FR,FR0013245859,Engie S.A.,27/03/2024,0.875
FR,FR0013245867,Engie S.A.,27/03/2028,1.5
FR,FR0013246725,Veolia Environnement S.A.,30/03/2022,0.672
FR,FR0013246733,Veolia Environnement S.A.,30/11/2026,1.496
FR,FR0013247202,Edenred S.A.,30/03/2027,1.875
FR,FR0013248507,Suez S.A.,03/04/2025,1
FR,FR0013248523,Suez S.A.,03/04/2029,1.5
FR,FR0013248721,Kering S.A.,05/04/2027,1.5
FR,FR0013251170,Autoroutes du Sud de la France,20/04/2026,1.125
FR,FR0013252277,ARKEMA SA,20/04/2027,1.5
FR,FR0013257607,LVMH Moët Henn. L. Vuitton SE,26/05/2020,0
FR,FR0013257615,LVMH Moët Henn. L. Vuitton SE,26/05/2022,0.375
FR,FR0013257623,LVMH Moët Henn. L. Vuitton SE,26/05/2024,0.75
FR,FR0013260551,SOCIETE DES AUTOROUTES PARIS-RHIN-RHONE (APRR),13/01/2032,1.625
FR,FR0013260767,Engie S.A.,07/06/2032,1.625
FR,FR0013262698,Covivio S.A.,21/06/2027,1.5
FR,FR0013264405,Coentreprise de Transport d'Electricité,29/09/2024,0.875
FR,FR0013264421,Coentreprise de Transport d'Electricité,29/07/2028,1.5
FR,FR0013264439,Coentreprise de Transport d'Electricité,29/07/2032,2.125
FR,FR0013264488,Regie Autonome des Transports Parisiens (RATP),25/05/2027,0.875
FR,FR0013266343,GECINA,30/06/2022,FLOATING
FR,FR0013266350,GECINA,30/06/2027,1.375
FR,FR0013266368,GECINA,30/06/2032,2
FR,FR0013266830,Legrand S.A.,06/07/2024,0.75
FR,FR0013266848,Legrand S.A.,06/07/2032,1.875
FR,FR0013281888,Valeo S.A.,12/09/2022,0.375
FR,FR0013282571,Vivendi S.A.,18/09/2024,0.875
FR,FR0013283140,Suez S.A.,21/09/2032,1.625
FR,FR0013284205,GECINA,26/01/2028,1.375
FR,FR0013284247,Engie S.A.,28/02/2023,0.375
FR,FR0013284254,Engie S.A.,28/02/2029,1.375
FR,FR0013284270,Engie S.A.,28/09/2037,2
FR,FR0013286788,Compagnie Fin. Ind. Autoroutes,13/10/2027,1.125
FR,FR0013286846,Legrand S.A.,09/10/2023,0.5
FR,FR0013290749,RTE EDF TRANSPORT,23/10/2037,1.875
FR,FR0013293362,Mercialys,03/11/2027,2
FR,FR0013295722,SOCIETE DES AUTOROUTES PARIS-RHIN-RHONE (APRR),17/01/2033,1.5
FR,FR0013298387,Veolia Environnement S.A.,23/11/2020,0
FR,FR0013298676,Holding d Infrastructures de Transport S.A.S,27/11/2027,1.625
FR,FR0013298684,Holding d Infrastructures de Transport S.A.S,27/03/2023,0.625
FR,FR0013299435,RENAULT SA,28/11/2025,1
FR,FR0013300605,Klepierre,13/12/2032,1.625
FR,FR0013302197,AEROPORTS DE PARIS,13/12/2027,1
FR,FR0013302809,Schneider Electric SE,13/12/2026,0.875
FR,FR0013310224,Orange S.A.,16/01/2030,1.375
FR,FR0013310455,Autoroutes du Sud de la France,22/01/2030,1.375
FR,FR0013311347,THALES,23/01/2025,0.75
FR,FR0013320249,Mercialys,27/02/2026,1.8
FR,FR0013321080,Legrand S.A.,06/03/2026,1
FR,FR0013321536,CARMILA,07/03/2028,2.125
FR,FR0013322989,GECINA,14/03/2030,1.625
FR,FR0013323870,Orange S.A.,20/03/2028,1.375
FR,FR0013324332,Sanofi S.A.,21/03/2023,0.5
FR,FR0013324340,Sanofi S.A.,21/03/2026,1
FR,FR0013324357,Sanofi S.A.,21/03/2030,1.375
FR,FR0013324373,Sanofi S.A.,21/03/2038,1.875
FR,FR0013325172,DANONE,26/03/2025,1
FR,FR0013327962,CAP GEMINI,18/10/2024,1
FR,FR0013327988,CAP GEMINI,18/04/2028,1.75
FR,FR0013330099,INFRA PARK,19/04/2028,1.625
FR,FR0013330115,THALES,19/04/2024,0.875
FR,FR0013332970,Unibail-Rodamco SE,14/05/2021,0.125
FR,FR0013332988,Unibail-Rodamco SE,15/09/2025,1.125
FR,FR0013332996,Unibail-Rodamco SE,15/01/2031,1.875
FR,FR0013333002,Unibail-Rodamco SE,14/05/2038,2.25
FR,FR0013335767,SOCIETE FONCIERE LYONNAISE SA,29/05/2025,1.5
FR,FR0013336435,Unibail-Rodamco SE,30/05/2020,FLOATING
FR,FR0013342128,Carrefour SA,12/06/2023,0.875
FR,FR0013342334,Valeo S.A.,18/06/2025,1.5
FR,FR0013344215,Schneider Electric SE,21/06/2027,1.375
FR,FR0013344686,Engie S.A.,22/06/2028,1.375
FR,FR0013346137,Autoroutes du Sud de la France,27/06/2028,1.375
FR,FR0013346814,"Altareit SCA, Paris",02/07/2025,2.875
FR,FR0013357845,"Compagnie Generale des Etablissements Michelin, Clermont-Ferrand",03/09/2025,0.875
FR,FR0013357852,"Compagnie Generale des Etablissements Michelin, Clermont-Ferrand",03/09/2030,1.75
FR,FR0013357860,"Compagnie Generale des Etablissements Michelin, Clermont-Ferrand",03/09/2038,2.5
FR,FR0013359197,Orange S.A.,12/09/2025,1
FR,FR0013359239,Orange S.A.,12/09/2030,1.875
FR,FR0013359254,Suez S.A.,17/09/2030,1.625
FR,FR0013365285,Engie S.A.,19/09/2025,0.875
FR,FR0013365293,Engie S.A.,19/09/2033,1.875
FR,FR0013367422,"Covivio Hotels SACA, Paris",24/09/2025,1.875
FR,FR0013367620,VINCI,26/09/2025,1
FR,FR0013367638,VINCI,26/09/2030,1.75
FR,FR0013368164,RTE EDF TRANSPORT,27/09/2030,1.5
FR,FR0013368172,RTE EDF TRANSPORT,27/09/2038,2.125
FR,FR0013368206,RENAULT SA,28/09/2026,2
FR,FR0013368545,Electricité de France (E.D.F.),02/10/2030,2
FR,FR0013369493,Eutelsat S.A.,02/10/2025,2
FR,FR0013371549,AEROPORTS DE PARIS,11/10/2038,2.125
FR,FR0013374881,JCDECAUX SA,24/10/2020,FLOATING
FR,FR0013378445,"Atos SE, Bezons",07/05/2022,0.75
FR,FR0013378452,"Atos SE, Bezons",07/05/2025,1.75
FR,FR0013378460,"Atos SE, Bezons",07/11/2028,2.5
FR,FR0013382348,SOCIETE DES AUTOROUTES PARIS-RHIN-RHONE (APRR),25/01/2030,1.5
FR,FR0013383213,Carrefour SA,04/05/2026,1.75
FR,FR0013385473,Veolia Environnement S.A.,07/01/2030,1.94
FR,FR0013385655,Edenred S.A.,06/03/2026,1.875
FR,FR0013394681,Veolia Environnement S.A.,14/01/2024,0.892
FR,FR0013396876,Schneider Electric SE,15/01/2028,1.5
FR,FR0013397452,VINCI,18/01/2029,1.625
FR,FR0013404571,Autoroutes du Sud de la France,21/02/2031,1.375
FR,FR0013405032,Unibail-Rodamco SE,27/02/2027,1
FR,FR0013405040,Unibail-Rodamco SE,27/02/2034,1.75
FR,FR0013405347,LVMH Moët Henn. L. Vuitton SE,28/02/2023,0.125
FR,FR0013409836,Sanofi S.A.,21/03/2022,0
FR,FR0013409844,Sanofi S.A.,21/03/2029,0.875
FR,FR0013409851,Sanofi S.A.,21/03/2034,1.25
FR,FR0013419736,Carrefour SA,17/05/2027,1
FR,FR0013422623,Eutelsat S.A.,13/07/2027,2.25
FR,FR0013424850,Vivendi S.A.,13/06/2022,0
FR,FR0013424868,Vivendi S.A.,11/06/2025,0.625
FR,FR0013424876,Vivendi S.A.,11/12/2028,1.125
FR,FR0013426368,AEROPORTS DE PARIS,18/06/2034,1.125
FR,FR0013428067,Air Liquide Finance,20/06/2030,0.625
FR,FR0013428414,RENAULT SA,24/06/2025,1.25
FR,FR0013428489,Engie S.A.,21/06/2027,0.375
FR,FR0013428513,Engie S.A.,21/06/2039,1.375
FR,FR0013430741,Klepierre,01/07/2030,0.625
FR,FR0013431715,Unibail-Rodamco SE,01/07/2049,1.75
FR,FR0013433679,Orange S.A.,11/07/2034,1.2
FR,FR0013444502,Dassault Systemes,16/09/2022,0
FR,FR0013444536,Dassault Systemes,16/09/2024,0
FR,FR0013444544,Dassault Systemes,16/09/2026,0.125
FR,FR0013444551,Dassault Systemes,16/09/2029,0.375
FR,FR0013444676,Orange S.A.,04/09/2026,0
FR,FR0013444692,Orange S.A.,04/09/2049,1.375
FR,FR0013444775,Engie S.A.,04/03/2027,0
FR,FR0013445137,RTE EDF TRANSPORT,09/09/2027,0
FR,FR0013445152,RTE EDF TRANSPORT,09/09/2049,1.125
FR,FR0013447166,PEUGEOT SA,18/09/2029,1.125
FR,FR0013451416,RENAULT SA,04/10/2027,1.125
FR,FR0013452620,Suez S.A.,14/10/2031,0.5
FR,FR0013453040,Alstom S.A.,14/10/2026,0.25
FR,FR0013455813,Engie S.A.,24/10/2030,0.5
FR,FR0013455821,Engie S.A.,24/10/2041,1.25
FR,FR0013456431,Pernod-Ricard S.A.,24/10/2027,0.5
FR,FR0013456621,Unibail-Rodamco SE,29/03/2032,0.875
FR,FR0013462728,Ceetrus S.A,26/11/2026,2.75
FR,FR0013463643,EssilorLuxottica S.A.,27/05/2023,0
FR,FR0013463650,EssilorLuxottica S.A.,27/05/2025,0.125
FR,FR0013463668,EssilorLuxottica S.A.,27/11/2027,0.375
FR,FR0013463676,EssilorLuxottica S.A.,27/11/2031,0.75
FR,FR0013464815,ARKEMA SA,03/12/2029,0.75
FR,FR0013465424,Electricité de France (E.D.F.),09/12/2049,2
FR,FR0013476595,Veolia Environnement S.A.,15/01/2031,0.664
FR,FR0013477486,SOCIETE DES AUTOROUTES PARIS-RHIN-RHONE (APRR),20/01/2023,0
FR,FR0013479748,THALES,29/01/2027,0.25
FR,FR0013482809,LVMH Moët Henn. L. Vuitton SE,11/02/2022,FLOATING
FR,FR0013482817,LVMH Moët Henn. L. Vuitton SE,11/02/2024,0
FR,FR0013482825,LVMH Moët Henn. L. Vuitton SE,11/02/2026,0
FR,FR0013482833,LVMH Moët Henn. L. Vuitton SE,11/02/2028,0.125
FR,FR0013482841,LVMH Moët Henn. L. Vuitton SE,11/02/2031,0.375
FR,FR0013494168,Schneider Electric SE,11/03/2029,0.25
FR,FR0013495181,DANONE,17/03/2027,0.571
FR,FR0013504677,Engie S.A.,27/03/2028,1.75
FR,FR0013505104,Sanofi S.A.,01/04/2025,1
FR,FR0013505112,Sanofi S.A.,01/04/2030,1.5
FR,FR0013505260,Carrefour SA,15/12/2027,2.625
FR,FR0013505542,Suez S.A.,02/04/2027,1.25
FR,FR0013505559,Air Liquide Finance,02/04/2025,1
FR,FR0013505567,Air Liquide Finance,02/04/2030,1.375
FR,FR0013506292,Orange S.A.,07/07/2027,1.25
FR,FR0013506300,Orange S.A.,07/04/2032,1.625
FR,FR0013506508,LVMH Moët Henn. L. Vuitton SE,07/04/2025,0.75
FR,FR0013506516,SOCIETE DES AUTOROUTES PARIS-RHIN-RHONE (APRR),14/01/2027,1.25
FR,FR0013506524,Pernod-Ricard S.A.,07/04/2025,1.125
FR,FR0013506532,Pernod-Ricard S.A.,08/04/2030,1.75
FR,FR0013506813,Unibail-Rodamco SE,09/04/2025,2.125
FR,FR0013506821,Unibail-Rodamco SE,09/04/2030,2.625
FR,FR0013506862,Schneider Electric SE,09/04/2027,1
FR,FR0013507449,Sanofi S.A.,01/04/2025,1
FR,FR0013507456,Sanofi S.A.,01/04/2030,1.5
FR,FR0013507654,Bouygues S.A.,24/07/2028,1.125
FR,FR0013507704,Veolia Environnement S.A.,15/04/2028,1.25
FR,FR0013507837,CAP GEMINI,15/04/2022,1.25
FR,FR0013507852,CAP GEMINI,15/04/2026,1.625
FR,FR0013507860,CAP GEMINI,15/04/2029,2
FR,FR0013507878,CAP GEMINI,15/04/2032,2.375
FR,XS0162990229,Electricité de France (E.D.F.),21/02/2033,5.625
FR,XS0271758301,Holding d Infrastructures de Transport S.A.S,27/10/2021,4.875
FR,XS0367001228,Electricité de France (E.D.F.),29/05/2020,5.375
FR,XS0368361217,SNCF Mobilités,12/06/2023,4.875
FR,XS0409749206,Electricité de France (E.D.F.),25/01/2021,6.25
FR,XS0410937659,SNCF Mobilités,02/02/2024,4.625
FR,XS0418669429,Total Capital S.A.,26/03/2024,5.125
FR,XS0488101527,SNCF Mobilités,19/02/2025,4.125
FR,XS0541453147,Orange S.A.,16/09/2022,3.375
FR,XS0541787783,Total Capital S.A.,16/09/2022,3.125
FR,XS0554819465,Unibail-Rodamco SE,05/11/2020,3.875
FR,XS0563306314,Orange S.A.,14/01/2021,3.875
FR,XS0794245018,Orange S.A.,15/06/2022,3
FR,XS0827999318,Orange S.A.,01/03/2023,2.5
FR,XS0830194501,Total Capital International S.A.,15/03/2023,2.125
FR,XS0894202968,Unibail-Rodamco SE,25/02/2021,2.375
FR,XS0896119384,Klepierre,26/02/2021,3.25
FR,XS0994990280,Total Capital International S.A.,19/11/2021,2.125
FR,XS0994991411,Total Capital International S.A.,19/11/2025,2.875
FR,XS1038708522,Unibail-Rodamco SE,26/02/2024,2.5
FR,XS1048519679,Total Capital International S.A.,25/03/2026,2.5
FR,XS1074055770,Unibail-Rodamco SE,04/06/2026,2.5
FR,XS1080163709,SODEXO SA,24/01/2022,1.75
FR,XS1080163964,SODEXO SA,24/06/2026,2.5
FR,XS1111108673,Holding d Infrastructures de Transport S.A.S,24/03/2025,2.25
FR,XS1112013666,WPP Finance S.A.,22/09/2026,2.25
FR,XS1121177338,Unibail-Rodamco SE,17/10/2022,1.375
FR,XS1139315581,Total Capital International S.A.,19/03/2025,1.375
FR,XS1218319702,Unibail-Rodamco SE,14/03/2025,1
FR,XS1218363270,Unibail-Rodamco SE,15/04/2030,1.375
FR,XS1376614118,Unibail-Rodamco SE,09/03/2026,1.375
FR,XS1401196958,Unibail-Rodamco SE,28/04/2027,1.125
FR,XS1401197253,Unibail-Rodamco SE,28/04/2036,2
FR,XS1408317433,Orange S.A.,12/05/2025,1
FR,XS1410426024,AXA S.A.,15/05/2028,1.125
FR,XS1429027375,THALES,07/06/2023,0.75
FR,XS1443997223,Total Capital International S.A.,12/07/2023,0.25
FR,XS1443997819,Total Capital International S.A.,12/07/2028,0.75
FR,XS1505132602,SODEXO SA,14/04/2027,0.75
FR,XS1523192588,Unibail-Rodamco SE,21/02/2025,0.875
FR,XS1558472129,SNCF Mobilités,02/02/2029,1.5
FR,XS1569845404,Unibail-Rodamco SE,22/02/2028,1.5
FR,XS1577586321,Compagnie de Saint-Gobain S.A.,17/03/2025,1
FR,XS1619568303,Unibail-Rodamco SE,29/05/2029,1.5
FR,XS1619568998,Unibail-Rodamco SE,29/05/2037,2
FR,XS1627193359,Compagnie de Saint-Gobain S.A.,14/06/2027,1.375
FR,XS1693818285,Total Capital International S.A.,04/10/2024,0.625
FR,XS1693818525,Total Capital International S.A.,04/10/2029,1.375
FR,XS1793349926,Compagnie de Saint-Gobain S.A.,23/03/2026,1.125
FR,XS1823513343,SODEXO SA,22/05/2025,1.125
FR,XS1844215696,Compagnie de Saint-Gobain S.A.,25/06/2020,FLOATING
FR,XS1874122267,Total Capital International S.A.,04/09/2030,1.491
FR,XS1874122770,Total Capital International S.A.,04/03/2027,1.023
FR,XS1881574591,Compagnie de Saint-Gobain S.A.,21/09/2023,0.875
FR,XS1881593971,Compagnie de Saint-Gobain S.A.,21/09/2028,1.875
FR,XS1898256257,Schlumberger Fin. France SAS,18/02/2026,1
FR,XS1962571011,Compagnie de Saint-Gobain S.A.,15/03/2031,1.875
FR,XS2004381245,Total Capital International S.A.,31/05/2039,1.535
FR,XS2004381674,Total Capital International S.A.,31/05/2028,0.696
FR,XS2150053721,Compagnie de Saint-Gobain S.A.,03/04/2023,1.75
FR,XS2150054372,Compagnie de Saint-Gobain S.A.,04/10/2027,2.375
FR,XS2153406868,Total Capital International S.A.,08/04/2027,1.491
FR,XS2153409029,Total Capital International S.A.,08/04/2032,1.994
IT,IT0005108490,Autostrade per L'Italia S.p.A.,12/06/2023,1.625
IT,XS0177089298,ENEL Finance Intl N.V.,29/09/2023,5.25
IT,XS0192503695,ENEL S.p.A.,20/05/2024,5.25
IT,XS0193945655,Autostrade per L'Italia S.p.A.,09/06/2024,5.875
IT,XS0203712939,Terna Rete Elettrica Nazio.SpA,28/10/2024,4.9
IT,XS0215093534,Leonardo S.p.A.,24/03/2025,4.875
IT,XS0306646042,ENEL S.p.A.,21/06/2027,5.625
IT,XS0452187916,ENEL Finance Intl N.V.,14/09/2022,5
IT,XS0452314536,Assicurazioni Generali S.p.A.,16/09/2024,5.125
IT,XS0458887030,Leonardo S.p.A.,21/01/2022,5.25
IT,XS0486101024,Telecom Italia S.p.A.,10/02/2022,5.25
IT,XS0521000975,ENI S.p.A.,29/06/2020,4
IT,XS0542534192,Autostrade per L'Italia S.p.A.,16/09/2025,4.375
IT,XS0605214336,Terna Rete Elettrica Nazio.SpA,15/03/2021,4.75
IT,XS0647298883,ENEL Finance Intl N.V.,12/07/2021,5
IT,XS0829190585,Snam S.p.A.,19/09/2022,5.25
IT,XS0842659426,ENEL Finance Intl N.V.,17/04/2023,4.875
IT,XS0880764435,Hera S.p.A.,29/01/2028,5.2
IT,XS0914294979,Snam S.p.A.,29/01/2021,3.375
IT,XS0951565091,ENI S.p.A.,10/07/2023,3.25
IT,XS0951567030,A2A S.p.A.,10/01/2021,4.375
IT,XS0954248729,Ferrovie dello Stato Ital.SpA,22/07/2020,4
IT,XS0970852348,ENI S.p.A.,12/09/2025,3.75
IT,XS0974375130,Telecom Italia S.p.A.,25/09/2020,4.875
IT,XS0976307040,Hera S.p.A.,04/10/2021,3.25
IT,XS0986174851,Autostrade per L'Italia S.p.A.,26/02/2021,2.875
IT,XS0996354956,ENI S.p.A.,22/11/2021,2.625
IT,XS0999654873,Leonardo S.p.A.,19/01/2021,4.5
IT,XS1004118904,Ferrovie dello Stato Ital.SpA,13/12/2021,3.5
IT,XS1004236185,Aeroporti di Roma S.p.A.,20/02/2021,3.25
IT,XS1004874621,A2A S.p.A.,13/01/2022,3.625
IT,XS1019326641,Snam S.p.A.,22/01/2024,3.25
IT,XS1020952435,Telecom Italia S.p.A.,25/01/2021,4.5
IT,XS1023703090,ENI S.p.A.,29/01/2029,3.625
IT,XS1030851791,EssilorLuxottica S.A.,10/02/2024,2.625
IT,XS1084043451,Hera S.p.A.,04/07/2024,2.375
IT,XS1086104681,Iren S.p.A.,14/07/2021,3
IT,XS1087831688,ACEA S.p.A.,15/07/2024,2.625
IT,XS1088274672,2i Rete Gas S.p.A.,16/07/2024,3
IT,XS1119021357,EXOR N.V.,08/10/2024,2.5
IT,XS1126183760,Snam S.p.A.,21/04/2023,1.5
IT,XS1169832810,Telecom Italia S.p.A.,16/01/2023,3.25
IT,XS1176079843,ENEL Finance Intl N.V.,27/01/2025,1.966
IT,XS1178105851,Terna Rete Elettrica Nazio.SpA,02/02/2022,0.875
IT,XS1180451657,ENI S.p.A.,02/02/2026,1.5
IT,XS1195347478,A2A S.p.A.,25/02/2025,1.75
IT,XS1237519571,RAI - RADIOTELEVISIONE ITALIANA SPA,28/05/2020,1.5
IT,XS1292988984,ENI S.p.A.,18/01/2024,1.75
IT,XS1314238459,Iren S.p.A.,02/11/2022,2.75
IT,XS1316567343,Autostrade per L'Italia S.p.A.,04/11/2021,1.125
IT,XS1316569638,Autostrade per L'Italia S.p.A.,04/11/2025,1.875
IT,XS1318709497,Snam S.p.A.,19/11/2023,1.375
IT,XS1327504087,Autostrade per L'Italia S.p.A.,26/06/2026,1.75
IT,XS1329671132,EXOR N.V.,02/12/2022,2.125
IT,XS1347748607,Telecom Italia S.p.A.,19/01/2024,3.625
IT,XS1401125346,"Buzzi Unicem S.p.A., Casale Monferrato",28/04/2023,2.125
IT,XS1412593185,ENI S.p.A.,17/05/2022,0.75
IT,XS1412711217,ENI S.p.A.,17/05/2028,1.625
IT,XS1419869885,Telecom Italia S.p.A.,25/05/2026,3.625
IT,XS1425966287,ENEL Finance Intl N.V.,01/06/2026,1.375
IT,XS1493322355,ENI S.p.A.,19/09/2024,0.625
IT,XS1493328477,ENI S.p.A.,19/09/2028,1.125
IT,XS1497606365,Telecom Italia S.p.A.,30/09/2025,3
IT,XS1503131713,Terna Rete Elettrica Nazio.SpA,11/10/2028,1
IT,XS1504194173,Hera S.p.A.,14/10/2026,0.875
IT,XS1505573482,Snam S.p.A.,25/10/2026,0.875
IT,XS1508588875,Snam S.p.A.,25/10/2020,0
IT,XS1508912646,ACEA S.p.A.,24/10/2026,1
IT,XS1511781467,Iren S.p.A.,04/11/2024,0.875
IT,XS1528093799,Autostrade per L'Italia S.p.A.,01/02/2027,1.75
IT,XS1550149204,ENEL Finance Intl N.V.,16/09/2024,1
IT,XS1551068676,ENI S.p.A.,17/01/2027,1.5
IT,XS1551678409,Telecom Italia S.p.A.,19/07/2023,2.5
IT,XS1551917245,Italgas S.P.A.,19/01/2022,0.5
IT,XS1551917591,Italgas S.P.A.,19/01/2027,1.625
IT,XS1555402145,Snam S.p.A.,25/01/2025,1.25
IT,XS1558491855,Atlantia S.p.A.,03/02/2025,1.625
IT,XS1571982468,2i Rete Gas S.p.A.,28/08/2026,1.75
IT,XS1578294081,Italgas S.P.A.,14/03/2024,1.125
IT,XS1581375182,A2A S.p.A.,16/03/2024,1.25
IT,XS1627782771,Leonardo S.p.A.,07/06/2024,1.5
IT,XS1627947440,Aeroporti di Roma S.p.A.,08/06/2027,1.625
IT,XS1639488771,Ferrovie dello Stato Ital.SpA,27/06/2025,1.5
IT,XS1645722262,Atlantia S.p.A.,13/07/2027,1.875
IT,XS1652866002,Terna Rete Elettrica Nazio.SpA,26/07/2027,1.375
IT,XS1684269332,ENI S.p.A.,14/03/2025,1
IT,XS1685542497,Italgas S.P.A.,18/01/2029,1.625
IT,XS1688199949,Autostrade per L'Italia S.p.A.,26/09/2029,1.875
IT,XS1698218523,Telecom Italia S.p.A.,12/10/2027,2.375
IT,XS1698714000,Covivio S.A.,17/10/2024,1.625
IT,XS1700721464,Snam S.p.A.,25/10/2027,1.375
IT,XS1701884204,A2A S.p.A.,19/10/2027,1.625
IT,XS1704789590,Iren S.p.A.,24/10/2027,1.5
IT,XS1706921951,Esselunga S.p.A.,25/10/2023,0.875
IT,XS1706922256,Esselunga S.p.A.,25/10/2027,1.875
IT,XS1709374497,2i Rete Gas S.p.A.,31/10/2027,1.608
IT,XS1732400319,Ferrovie dello Stato Ital.SpA,07/12/2023,0.875
IT,XS1750986744,ENEL Finance Intl N.V.,16/09/2026,1.125
IT,XS1767087866,ACEA S.p.A.,08/06/2027,1.5
IT,XS1772457633,Covivio S.A.,20/02/2028,2.375
IT,XS1846631049,Telecom Italia S.p.A.,28/01/2026,2.875
IT,XS1858912915,Terna Rete Elettrica Nazio.SpA,23/07/2023,1
IT,XS1877937851,2i Rete Gas S.p.A.,11/09/2025,2.195
IT,XS1881004730,Snam S.p.A.,18/09/2023,1
IT,XS1881533563,Iren S.p.A.,19/09/2025,1.95
IT,XS1937665955,ENEL Finance Intl N.V.,21/07/2025,1.5
IT,XS1957442541,Snam S.p.A.,28/08/2025,1.25
IT,XS1980270810,Terna Rete Elettrica Nazio.SpA,10/04/2026,1
IT,XS1981060624,ERG S.p.A,11/04/2025,1.875
IT,XS2001278899,ACEA S.p.A.,23/05/2028,1.75
IT,XS2020608548,Hera S.p.A.,05/07/2027,0.875
IT,XS2026150313,A2A S.p.A.,16/07/2029,1
IT,XS2026171079,Ferrovie dello Stato Ital.SpA,09/07/2026,1.125
IT,XS2032727310,Italgas S.P.A.,24/04/2030,0.875
IT,XS2033351995,Terna Rete Elettrica Nazio.SpA,25/07/2025,0.125
IT,XS2051660335,Snam S.p.A.,12/05/2024,0
IT,XS2051660509,Snam S.p.A.,12/09/2034,1
IT,XS2065601937,Iren S.p.A.,14/10/2029,0.875
IT,XS2065946837,ENI S.p.A.,11/10/2034,1
IT,XS2090807293,Italgas S.P.A.,11/12/2031,1
IT,XS2107315470,ENI S.p.A.,23/01/2030,0.625
IT,XS2113700921,ACEA S.p.A.,06/04/2029,0.5
